1.565865678
1.954490026
11.87376879
6.011176518
18.61423301
9.293638334
9.350099539
19.3556182
34.37776429
7.648820534
5.846274911
28.75034915
28.3972417
12.06273662
16.39373191
21.77944502
25.58245699
8.978362103
5.142718954
6.852081356
6.292804098
49.7249245
45.82364439
45.88269236
17.35460144
7.272462217
33.58468064
44.90856192
16.77252168
5.121282049
28.27438289
0.745438196
7.201852205
22.99617727
32.0222956
9.89435629
6.432363289
7.521719603
29.19098082
5.041538901
9.684662118
14.91422666
43.72031929
6.541167643
0.734178448
9.394067937
7.32670467
1.744583731
47.57491699
8.384347872
9.002168074
1.503967902
5.6100144
38.02043352
5.550270058
23.20131658
6.806442602
10.08323035
11.76288824
5.155088971
4.117907306
5.728414106
12.12635724
10.45489124
21.4457061
17.31650511
7.825495188
5.796139143
5.209883382
28.78179755
7.780772075
34.55586989
1.193735378
14.74438281
1.517345344
10.10301269
12.97757053
1.61560372
7.735792612
19.57218252
5.548062246
8.04634388
6.53407842
7.725706674
7.209811225
0.767598405
1.154844447
41.14495788
3.06935383
4.337975693
7.807321335
26.62095044
11.37689454
0.606656615
0.973323612
17.25432122
7.184080655
9.218991698
19.24635799
14.14869982
10.30804804
14.39221333
5.76819775
5.125140501
18.52808427
15.75855793
14.4273572
26.95683618
1.093973394
6.504073717
48.66023063
10.79967489
6.363883173
5.059288602
6.878039385
12.54167939
9.288090115
13.0365991
7.054528376
22.25427266
7.639254756
10.19095152
13.83839622
6.475703938
8.416281201
5.588620451
16.97952214
6.801547009
20.51026253
5.733478057
13.29696069
9.654023388
10.43689788
8.754216216
8.827891058
23.19959528
3.46939626
35.13220581
5.054822405
7.233940712
41.93976072
6.133865426
31.34281948
9.725579872
17.09881574
9.951339336
10.82583813
8.302308502
11.26895554
8.116257362
10.96185943
39.74478489
2.117145429
2.171254604
6.013822517
6.666934486
39.32885144
24.04609243
5.69916096
18.01309073
46.67153304
8.104924556
6.838486027
6.94165773
19.70435529
10.97629118
39.32284204
4.798845251
6.479036863
20.53356516
37.36535497
49.61507219
19.32284581
7.686084398
25.03199822
6.888386916
9.215107296
5.560908474
22.05386675
7.373756867
1.033217091
2.474917394
3.622634462
4.417677269
5.114751766
0.720480825
1.982027007
14.97761016
6.038251877
3.015413999
8.377733224
7.571888417
40.34310258
12.20602053
9.313066174
35.6237936
1.080391559
8.055094177
1.02666399
0.793887789
9.382371888
3.352513183
1.178901636
1.337319814
7.078366414
1.491140163
1.052871729
1.631697352
14.69753745
10.30621136
1.411295036
8.152765608
0.694086081
0.985987043
1.419801354
2.249071743
3.153957677
0.601784677
3.806748938
5.18006776
8.014440293
0.775114167
1.263785273
10.29412805
7.007450652
6.567613163
12.48708512
13.40711919
6.513259203
28.67307945
22.28088284
10.24275038
5.389734573
5.406675208
11.30535355
47.94443056
8.78510383
6.929742765
10.38790084
5.657170039
6.713724745
12.99803136
7.051454593
1.555487738
13.98881526
0.594932723
2.067836696
5.320012719
1.807891017
3.510112761
0.952338165
1.638414619
6.707675334
2.284031715
6.54859394
6.298009363
23.71406132
11.30792572
15.41723016
2.426472275
12.63521817
8.127862635
6.619432667
10.36202815
15.39381147
1.333742668
5.040255137
46.73420581
0.976630132
3.564669108
14.29306948
2.72161757
6.603775665
6.816834655
2.920099377
2.713419013
10.53876175
49.90699429
5.788936305
2.367189425
11.57313952
2.53324949
0.838245206
13.14396443
0.629491958
0.682246168
1.174112206
49.14019153
33.95486731
0.843365967
0.873807225
0.993645853
12.57712636
2.421020903
3.122019167
33.1512824
45.51678593
48.3924613
3.765703735
4.187866535
0.632776439
0.592894166
4.344195783
4.090858402
12.77377107
21.21213555
2.628717705
1.697641809
1.938062114
5.045831802
3.275255469
0.591350979
2.23220292
1.978173001
12.81438414
0.75904829
0.649351874
2.567440231
2.149501591
3.739885298
3.730126931
3.997670871
1.965578693
3.102921351
2.379056522
9.721609804
0.50675435
1.350349213
1.218286592
2.231792435
7.327826454
6.938444202
1.064288271
3.274454423
6.328966284
14.21576438
6.954702331
0.698980938
5.825995045
7.855217342
2.330885291
2.406572445
0.767866776
7.162789676
2.335724544
2.304385061
1.480460671
0.919727031
9.120185734
6.104413609
1.32023056
1.706828786
8.634049148
0.658681274
1.477808809
3.31830782
3.206924405
7.761249057
1.121012231
5.620375321
2.275608231
22.25569577
35.00066813
2.208140482
7.400475927
0.547892625
6.705446621
2.320678903
0.901810808
1.31094797
8.761090035
4.778434752
3.709883362
3.430921411
0.756418253
2.813570114
2.123959443
24.5408459
3.501225154
3.948784861
4.160187353
3.267785166
1.686879352
1.424930508
3.365482871
5.056824113
0.902460345
10.30216038
4.616655798
30.40907128
13.96051506
3.804974014
3.197169036
7.119144969
17.6407361
5.207117599
4.714250276
2.379409554
8.022679267
0.527267851
18.85917715
9.279023104
9.658464212
2.381805828
0.503425098
2.331925884
3.080282707
1.344994427
23.35719148
0.702117422
1.277965724
9.985781148
3.170276009
7.976776278
1.939982296
2.906439004
10.93746007
11.30055873
17.57008108
10.87167202
3.476311676
8.173154604
31.01712263
19.31021429
0.80086115
4.92751251
1.275745309
1.761138112
0.817225358
2.705735096
1.139399999
0.728185393
0.654433331
4.323540442
24.63929993
2.141027112
1.75160989
5.089746199
0.889600445
0.872163257
4.672730866
4.196991835
5.83144267
2.216549783
1.507025215
0.565209883
1.192823377
1.404050804
1.596195809
1.288363957
1.593522966
2.485829397
1.393061521
4.194841199
3.136033921
1.198221896
4.769991848
21.61237983
2.955603222
0.847370197
2.87702288
24.60485605
6.37137617
15.74595541
3.757952455
2.162586462
23.98287632
13.81972524
5.431067967
35.83983917
3.232248727
2.196290708
6.579693558
8.723050087
0.870105489
3.722890532
8.164286356
7.968075251
41.04316678
6.166644196
1.401552103
13.69042898
8.135727825
15.4641139
2.695732465
6.567724565
12.60710984
19.17082872
29.42621368
35.40377341
48.88930656
1.058178029
5.677043795
1.208796068
23.42049029
11.22788162
5.203799897
11.50215873
8.627008094
45.14958731
1.897619747
0.923398899
4.350330273
2.430587607
11.67311665
8.483994822
0.657284656
8.214317597
0.554038752
0.722874614
29.12169828
1.324083141
5.603925004
1.654935399
1.749584012
1.345461469
0.744791107
9.631569398
0.66836237
6.272854079
11.42819592
1.083772438
33.92935299
1.576305001
12.29191904
4.253589809
19.61417994
14.70225179
5.01172161
2.132149663
3.443202412
16.51653391
2.887992138
38.21643381
0.531236678
20.40894498
1.096763382
3.08141017
1.074852361
32.53341844
1.537947681
5.584802828
7.665707904
5.889768135
5.242258684
5.316643353
5.751886817
11.40542818
16.776241
6.441340558
12.08760005
0.628051425
0.997810246
12.35702233
9.466386711
4.898768965
1.395351481
4.802547672
15.7724237
6.508419435
10.19376333
3.40736337
3.294253353
4.216732035
0.754091559
5.158547091
0.506615296
4.704680661
19.73988798
26.50572406
48.85175901
3.248288211
2.154823289
0.515306735
0.565909308
1.011001696
0.873488189
0.622027791
31.11049169
3.71028135
5.955732129
2.828953374
0.541473453
11.71450871
30.23762621
3.16064124
5.542578567
35.64960336
3.154005557
1.272909557
2.89823487
3.84742521
4.032182952
45.09291086
12.52727157
0.757105223
4.398526947
1.307719519
2.340424925
0.769939682
41.26051121
49.64262163
10.92995362
46.80344001
0.868243139
49.86900173
21.31671615
5.856908805
4.496114887
7.79818502
4.205569579
0.534153968
6.948401631
1.201562052
3.150618204
3.296975653
3.035367988
1.629695451
0.550543573
2.346233259
0.572891196
14.52890472
7.240770407
20.14945524
0.864122138
6.472839634
1.512441839
4.558379878
1.56271894
2.268569589
1.985864024
1.259798676
1.749868365
5.055618442
0.521228156
0.952595967
7.911192457
1.218119184
1.997524631
2.799366892
1.502122816
0.769068731
0.81025048
10.49972351
3.932455915
1.96069943
1.905577888
0.712599769
1.508852089
1.037482431
2.817332434
2.203583785
5.262933806
3.262843621
0.609539073
1.199050402
0.724726765
9.12820332
1.000009616
0.698971349
0.683433348
7.009447075
3.816521108
0.606587029
2.481840756
0.800054079
8.236088797
7.45475411
18.34358113
18.50931897
35.4493435
49.85181851
5.715467999
6.24917345
46.61257301
43.96487775
18.68819634
20.62956921
0.737986875
10.51659406
12.50141403
6.000197844
12.14142286
7.300394359
25.80232918
10.67948796
49.89077725
19.44434078
26.38266161
28.58501495
5.97956019
23.38519152
0.934105464
8.088546788
7.550269333
25.94691459
16.23951889
3.108842197
1.890209328
2.100245814
15.40038525
1.679666821
2.796109244
2.644198207
2.545763134
1.030570285
32.25119714
2.384404312
4.584447823
1.3124111
5.925057383
1.597266241
1.652480494
8.342847453
3.117078905
14.31967404
13.10922669
1.969858954
0.549507383
5.528140157
0.538302293
6.638824232
27.7330612
11.53833016
27.83809116
8.039094223
3.486058507
8.217975828
40.7282915
8.708361651
6.40747935
49.09622447
26.20199061
3.177458559
13.57316915
4.268725527
13.81399581
36.75023594
48.58625498
1.918680421
9.143083243
7.478526513
28.91514951
6.289984579
27.49689372
19.77728238
1.465535215
14.17696561
10.20537579
6.095581086
3.326861313
1.577450917
2.264689069
2.344253521
9.620943336
1.802840796
34.46197542
2.790502784
21.8393243
25.96665502
1.312424653
4.321781565
7.828194988
2.635418767
2.462258472
25.31602096
1.332235512
7.108622678
4.692392236
5.575989203
4.436031342
11.08274191
1.491591841
1.018905766
1.031317015
2.553379217
1.379207123
26.11893956
23.18992886
5.834493526
5.639910648
13.98049792
12.83682421
6.116878635
8.946362975
1.812013483
2.356051197
9.688827591
13.90307288
5.859411237
1.773154529
0.880204713
3.051652708
10.00950288
8.982278576
6.041976753
11.62841933
19.17138469
8.774345307
7.264435896
28.42548585
10.54794224
9.35754829
14.82991703
39.02100779
1.141914325
8.756005247
5.78130465
3.802443306
1.675123734
1.874661529
3.043564243
1.722563024
2.594572268
6.701755717
8.73061262
28.36828676
16.37906267
42.90919615
47.70379797
48.50821574
5.076938215
1.00913482
2.734266326
4.981036359
5.752888545
9.881190649
5.579784737
16.61362319
3.123893777
8.297551057
4.255927467
0.532380222
12.17538462
23.79012167
24.41065988
4.270554888
11.83052721
0.820291032
1.714975216
9.441630617
5.914608953
6.617585766
0.78498092
0.647164072
1.637244119
3.590329937
1.069357093
1.055305168
7.571058349
43.07181523
22.77455164
18.23183069
10.1939697
0.904737244
10.06121599
24.0989398
26.00743937
26.70885327
3.23648757
3.505757096
0.60148623
48.57966093
47.71445038
35.2526798
41.48800365
0.698802796
44.10784833
3.788761375
42.27880748
48.68541066
4.853759357
5.943290698
23.36379977
1.575272549
5.718668873
3.783357874
1.308021296
6.74158815
6.922284463
0.686476614
0.705136422
49.66117649
33.66592606
19.75248721
1.057043456
1.569714493
1.256862435
0.508376711
0.887425814
8.821270606
48.68230072
26.01172257
1.07518439
16.79535525
16.51286818
48.28740974
31.59149301
1.420446923
8.66857788
1.562624424
2.597743576
0.888107626
41.14546981
37.33819195
4.983865222
3.390726871
1.446078896
3.942706294
5.030821262
4.183842212
2.519486791
0.573324976
1.404849363
4.771319286
2.418591606
1.46193926
0.585935188
1.116356317
1.03370504
13.40375925
4.673591569
5.211469595
23.52473132
2.824822923
0.62105163
1.469192333
2.195851883
0.866618611
10.4113069
0.754951242
9.351076099
9.544338283
10.76729188
20.70739746
1.273111718
1.129729157
1.622010462
0.870018601
1.784734942
0.615039632
0.636696466
0.653972654
1.376404941
1.168247725
0.70363753
4.32375709
43.1632185
2.010065969
36.75833364
48.6572217
6.006320011
8.092403037
3.374807405
14.29873157
11.57072674
47.20673483
7.462202385
48.11967295
7.766282565
5.472351144
7.306181494
36.45960178
6.205039571
22.34046464
1.821073469
40.90860392
14.39327379
47.4626585
48.01010183
28.83902113
34.8953348
1.150215008
2.797548268
1.788858088
8.381778368
2.954691532
0.63519081
1.87533268
5.703100479
1.935161962
23.16679314
1.922392224
1.599562365
4.480543326
2.087172513
0.614198124
45.31105258
38.8739317
2.49256148
6.393691588
6.186161732
2.255081195
1.789640885
9.400919591
10.42752239
9.807881343
0.601273491
5.766578698
1.401025176
3.655675324
1.159859776
4.625929926
0.631314584
2.78409693
0.685789913
9.255551315
0.788577348
10.75079995
0.59322214
1.512443182
1.29598139
1.267045732
32.85419237
7.247377682
13.97230724
5.386598801
39.1340232
2.445798973
1.100008433
18.72733349
19.51568193
6.581769745
5.400383707
11.82568554
48.82835672
16.08732747
1.073105825
0.55909367
9.75973504
21.94829492
3.807611733
16.06305543
2.552924447
1.262195322
1.89208798
0.998765949
9.913634021
6.915423299
21.3780691
47.24197004
7.44910054
12.31979542
0.628606973
24.56201122
43.01706215
3.532945899
0.836219309
2.664573799
2.843281732
30.61855911
2.277758863
16.61152459
1.34420211
12.75698424
0.631783631
1.227861002
1.113440773
8.448443011
9.359248548
6.004758409
3.816132308
1.938562324
0.511753671
0.885965091
7.877411297
32.2610838
14.64690166
10.15595263
7.618793504
3.380792995
18.6837455
0.989958797
9.758408119
28.79442701
2.446462312
23.40369052
14.7906545
5.652404178
22.99464189
2.218482918
0.807855287
7.121469834
14.79620348
15.53017672
2.908033431
1.560976141
3.053474946
25.27377596
4.61484508
15.19727038
15.34974312
1.54871394
3.080825307
9.029288383
2.05609355
2.577100188
0.795454184
47.02731914
16.03393243
46.21301806
48.77345579
43.01363568
23.51615039
0.60449043
1.454792557
7.352573902
19.00947775
6.849260515
5.954211437
14.72358717
30.5703744
39.78435254
7.391846069
10.91137987
6.277769663
6.171681349
5.352597944
20.24379623
15.45192943
16.16088717
9.378263781
7.861124925
13.88604063
14.78544247
47.42499287
25.84498642
15.20140783
5.073179622
23.16160999
9.794387423
48.36408392
25.04076745
48.73787298
12.45514059
28.0085242
19.58210011
6.08038927
37.28411254
18.25263569
11.02361852
0.960323926
6.322755147
45.48483903
46.85215835
13.98940246
14.39614159
22.22656704
31.18439368
6.016217563
24.01711219
33.25535946
13.59763054
45.69806511
41.49626269
8.666209732
11.21489114
35.38396792
36.6195537
21.93638285
19.09970442
9.868937933
0.839930345
6.241507915
9.728771012
37.69638011
9.970436814
1.739468151
0.684120693
0.526464426
40.05308838
15.24946774
27.06657752
11.29617292
6.246841493
9.299926948
36.46319249
26.7538673
25.93088359
5.912200654
9.027461425
11.66053398
6.78341957
8.475857401
14.33097189
4.167262814
21.22146828
26.19036814
16.02281793
5.965669483
32.54728869
1.880623497
8.555723606
47.40753708
5.228921725
42.39157782
32.12816179
37.7739711
41.25162759
49.20814939
26.56712469
9.237487837
40.23479539
1.687926997
8.844135021
9.121076163
37.22409032
39.45375185
7.759570578
12.51319925
35.58099538
7.132869979
32.57454602
28.35016924
4.022264648
31.48712688
26.8370693
49.84841523
22.68592564
45.49293435
2.180495669
2.389588243
24.51000724
3.016458366
40.89397314
21.06791358
49.77724764
19.54833084
5.447232977
10.13505177
7.972130592
2.937727896
10.8622101
43.47342064
28.57723382
25.98428427
17.99044797
23.60822179
19.94287962
24.95297815
35.56906775
23.96226096
26.15239815
14.45711045
15.78824457
9.356987089
36.42637099
41.5480446
33.91026066
5.816536582
4.23982058
0.367447158
0.714089788
2.718347066
1.13882457
0.966568325
3.201600827
1.071767853
0.826782576
0.835957535
1.182581755
3.519661907
0.905378567
0.822769309
1.775376887
1.332225112
1.417651034
0.509039694
2.142302418
18.05975538
0.823062025
2.158448176
0.21200763
3.871441497
7.734170254
0.233842984
1.964401174
0.596943504
1.121362331
1.56431386
6.249605589
2.99542161
2.710100967
8.510212474
10.02500447
13.28873533
8.291161474
4.823213911
2.655371957
1.837203793
11.06407355
11.05736325
2.499136589
2.089472929
0.597403674
9.28869942
3.734164418
5.005216802
13.96274459
20.15698924
0.811936095
2.594942581
1.650076186
7.859433195
20.09352623
8.608909227
1.926287074
14.73833083
26.76237083
4.639232853
28.66747184
7.639011836
10.76175762
10.88169348
0.598542125
0.13942655
0.323378371
0.431737518
2.662127453
0.440529766
0.732976134
0.999239759
0.001873681
0.02595836
0.485459223
0.337519914
0.870332058
0.923604964
0.609726051
0.492818249
2.862878335
4.20773037
0.635838799
0.067344989
0.019110281
4.757869736
1.272553032
11.65682125
0.023291022
5.391234603
2.066648912
17.93906738
2.200384968
0.725307141
0.040094124
0.17015377
0.00089534
1.859258022
1.622484779
0.356459286
0.018863126
7.847294409
5.988513847
1.602139009
2.143406195
2.028617499
0.156527171
0.046851338
0.924883395
0.007425687
0.027526059
2.556657731
1.723866355
0.035699128
0.140316142
2.041273694
0.135205596
0.054398299
0.046911048
0.91422079
1.968146583
0.118953114
1.824315221
