435,451
196,1344
4,195,196,198,1349
3,7,198,1349
6,9,10,11,1351
5,9
4,193,198,231,1348,1349
13,14,97,98,99,503
5,6,10,11,12,95,1341,1348
5,9,11
5,9,10,1348,1350
9,14,16,19,95,96
8,15,18,98,100,102,1103
8,12,16,96,97
13,20,97,98,102
12,14,97
231,232,233,235,239,242,1315,1341,1342,1348
13,100,1103
12
15,97,102
521,524,1145
25,31,37,44,101,105,520,1103,1145
24,489,491,500,504,1107,1108,1144
23,489,505,515,1108,1144
22,31,37
28,1342
28,29,41,116
26,27,35,116,1342
27,1103
36,108,521
22,25,34,37,42,44,101,103,104,1103
33,47
32,45,47,106,579,580,585,595,1109
31,43,103,104,1103
28,38,49,114,115,116,1342
30,105,107,108,521
22,25,31,44
35,40,49,116
40,41,49,54,116
38,39,49,116
27,39,54,116
31,1247
34,51,53,54,56,113
22,31,37,105
33,580,585
105,107
32,33,50,595
318,320,321,330
35,38,39,40,54,111,1338,1342
47,563,586
43,54,113
55,337,626
43,56,1102
39,41,43,49,51,111,113,118
52,337,338
43,53,58,64,113,117,1102,1110
107,110,1100
56,113,118,1110
598,602,615,617
66,111,112,1338
600,622,624
74,1111
68,110,602,1100,1111
56,117,118,120,1102
71,1099,1111,1112
60,67,72,76,112,1338
66,70,72,112
63,69,73,109,602
68,73,109,602,1154
67,72,111,112,119,121
65,74,1111,1112,1153
66,67,70,76,77,1338
68,69,75,125,1154
62,71,75,123,124,601,1111
73,74,125,601
66,72,1338
72,1338,1339
1149
82,122,129,1101,1112
604,606,1148
278,607,1149
79,129,130,1101,1248
606,1113
85,1248,1340
84,131,1248,1340
129
88
87,89,91,93,1113,1114,1115
88
92,1309
88,1113,1114
90,135,1302,1305,1309
88,134,1114,1115
1115
9,12
12,14,99
8,14,15,16,20,98
8,13,15,97
8,96
13,18,102,1103
22,31
13,15,20,100
31,34,104
31,34,103
22,36,44,46,107
33,107,108,581,595,1109,1150
36,46,57,105,106,108,110,1150
30,36,106,107,525,581,1109
68,69
57,63,107,1100,1150
49,54,60,70,112,118,121,1338
60,66,67,70,111
43,51,54,56,58,118
35,115,1342
35,114,1342
27,28,35,38,39,40,41
56,64,118,1110
54,58,64,111,113,117,120,121,1110
70,120,121
64,118,119,121,1101,1102
70,111,118,119,120
79,1101,1102,1112
74,601,603,1151,1153
74,601
73,75,601,1154
601,604
135,1309
606,1113,1148,1152
79,82,86,1112
82,1248
85,1248,1340
136,1306,1308,1313
134,137,1306,1313,1314
93,133,1115,1308,1314
92,127,136,138,141,142,1116,1302,1308,1309
132,135,141,1306,1308
133,1306
135,139,140,141,142,143,1117
138,140
138,139,141
135,136,138,140,1117
135,138
138,144,147,176,177,1312
143,145,150,176,1312
144,146,150,176
145,150,157,175,176
143,148,1117,1312
147,149,1118
148,152,155
144,145,146,151,157,1312
150,152,157,1312
149,151,153,155,157,1118,1119,1312
152,157,1119
155
149,152,154,156
155,1119,1120
146,150,151,152,153,161,175,278,1119
160,1120
160,161,1119,1120
158,159,161,1120
157,159,160,162,165,167,1119
161,163,165,1121
162,1121
166,168,171,1122
161,162,166,167,1121,1122
164,165,167,168,1122
161,165,166,168,170,1307
164,166,167,169,170,171,1307
168,170,171
167,168,169,171,278,279,1307
164,168,169,170,172,173,262,268,278,279,1121
171,173,174,264,268,1130,1311
171,172,174,278,280,281,1311
172,173,1311
146,157,176,177,178,179,278
143,144,145,146,175,177
143,175,176,179,606
175,179,278
175,177,178,278,606,607
181,182,188
180,182,183,188
180,181,183,184,188
181,182,184
182,183,185,186,188
184,186,187,188
184,185
185,188
180,181,182,184,185,187,189
188,190,1123
189,1123
192,194,195,1123
191,195,196,1123
7,194,198,230,231
191,193,1123
3,191,192,196,198
2,3,192,195,197,1344,1345,1346
196
3,4,7,193,195
200,201
199,201
199,200,202,205
201,203,205,206
202,205,206
205
201,202,203,204,206
202,203,205,207,208,210
206,208,209
206,207,209,210
207,208,210,222,224
206,208,209,211,224
210,224
213,214,215
212,215,217,219
212
212,213,217,218
1154
213,215,218,219
215,217
213,217,220,222,223
219,221,223,224
220,224,227
209,219,223,224
219,220,222,224
209,210,211,220,221,222,223,225,1124
224,226,227,1124
225,227,229,230,1124
221,225,226,228,230
227,230,231
226,230,1124
193,226,227,228,229,231
7,17,193,228,230,232,1348
17,231,233
17,232,239
235,236,1342
17,234,236,242,1125,1342
234,235,257,258,1125,1126,1342
238,241,246,247,248,1125
237,248,254,255,1126,1127
17,233,240,242,1128
239,241,242,1125,1128
237,240,243,245,246,1125
17,235,239,240,1125
241,244,245,1128
243,245
241,243,244,246,247,248,249,250,251,252,253,1128
237,241,245,247
237,245,246,248
237,238,245,247,253,254
245,250
245,249,252,253
245,253
245,250,253
245,248,250,251,252,254,255
238,248,253,255
238,253,254,256,1127
255,1127
236,258,259,1342
236,257,259,1126
257,258,1126
261,263,1121
260,262,263,268,1121
171,261,268,1121
260,261,268
172,268,1130,1131
268,270,271,272,391
268,269,270,271,273
268,282,283,1129
171,172,261,262,263,264,265,266,267,270,282,1130,1131
266,271,273
265,266,268,271
265,266,269,270,272,273,274
265,271,274,288,391
266,269,271,274
271,272,273,275,288
274,276,277,288
275,277
275,276
81,157,170,171,173,175,178,179,279,280,607,1149
170,171,278
173,278,281,1149
173,280,1149,1311
267,268
267
286,288,289,391
391
284,288,391
391
272,274,275,284,286,289,290,291,297,391,1134
284,288,293,294,391,1134
288
288
299,1132
289,294,295
289,293,295
293,294
299,305,311,313,314,1133,1362
288,300,312,1132,1134,1135
312,315,346,347,348,349,350,353,1134,1135
292,296,1132,1133
297
1132
1132
306,307,308,309,310,1363,1364,1365
305,306,1132
296,304,306,1132,1362
303,304,305,307,310,1362,1363
303,306
303,309,310
303,308,310
303,306,308,309
296,313,314,1132,1133
297,298,1134,1135
296,311,1132
296,311,1133
298,322,323,346,347,348,1134
1134
1134
48,321,329,330,1134
321,322,324,1134
48,321,326,330,331,332
48,318,319,320,326,1134
315,319,323,324,1134
315,322,324,325
319,322,323,325
323,324
320,321,327,332
326
329,330,331,1134
318,328,330,1134
48,318,320,328,329,331
320,328,330,332,336,337,1134
320,326,331,333,336
332,334,336
333,335,336
334,336
331,332,333,334,335,337
52,55,331,336
55
1136,1137
1135,1136
1136
343,344,1136
342
342,345,1136
344
298,315
298,315
298,315,353
298,350,352,353,354,360,1137
298,349,352,1135,1136,1137
1137
349,350
298,348,349,354,355,357,360
349,353
353,356,357
355
353,355,358,359,360
357,359,360,363
357,358
349,353,357,358,363,1138
1138,1139
371,414,415,1139
358,360,368,369,1139,1140,1141
365
364,366,367
365
365,1141
363
363
1142
362,372,373,414,1139
371,373
371,372,374
373,378,1373
378
378,379,385
378,380,385,386
374,375,376,377,379,385,386,388,389,390,1366,1367,1368,1369,1370,1371,1372,1373
376,378
377,385,386
382,385
381,384
384
382,383
376,377,378,380,381
377,378,380,387,388
386
378,386,389
378,388,390
378,389,393,395,396,409
265,272,284,285,286,287,288,289
393,394,409,413
390,392,394,395,409
392,393,395
390,393,394,396,398,401,408
390,395,397,398,399
396,399
395,396,399,401
396,397,398,400,401
399,401
395,398,399,400,402,408
401,403,406,407
402,404,405
403
403
402,407
402,406
395,401
390,392,393,410,411,412,413,1355,1359
409,412
409,412
409,410,411,413
392,409,412
362,371,415
362,414
418,469
418,558
416,417
420
419,421,422
420,422
420,421,423
422,424,444
423,425,426,444
424
424,427,430,431,433
426,428
427,429
428
426,434
426,432
431
426
430,1357
1,436,448,449,450,451,452,453,454,455,1104
435,1104
1104
439,1104
438
1104
442,1104
441,1358
444,445,1104
423,424,443,445,446,447
443,444,446
444,445
444
435,452,453
435
435
1,435
435,448,453,454
435,448,452,454
435,452,453,455
435,454,456,457
455,457
455,456,458
457,459,461,462
458,461,462
462
458,459,462,1360
458,459,460,461,463,468,511,512
462,464
463,465,482,483,1251
464,1105,1251
1105,1251
481,487,1106,1251,1252,1253,1254
462,482,511
416
471,472,473,479,480
470
470
470,479
477,478,481
478,479
477,478,479
474,476,478,479
474,475,476,477,479,480
470,473,475,476,477,478,480
470,478,479
467,474,1252,1253
464,468,483,484,511,1251
464,482,1251
482,485,488,511,1251,1255
484
487,488,1254
467,486,488,1251,1254
484,486,487,490,1251,1255
23,24,490,491,492,494,505
488,489,493,494,499
23,489,494,495,496,497,499
489
490,1361
489,490,491,499
491,496,498,501
491,495,497,498,1343
491,496,1343
495,496,501
490,491,494
23,501,502,503,1107,1144
495,498,500,1107
500
8,500
23
24,489,506,513
505
508,510
507,509,523,1144,1145
508
507
462,468,482,484,512,1356
462,511,1356
505
1143
24,1143
1143
518
517,1144
1143
22,521,522,1145
21,30,36,520,524,1145
520,1145
508,1144,1145
21,521
108,526
525
528,529,532,534
527,529,530,531,532
527,528
528
528
527,528,534,536,537,538,539
534
527,532,533,539,548,552,571
536,571
532,535,537,571
532,536,538
532,537,539
532,534,538
542,543,544,545,546,547,553,555,565,566,568,569
547,549
540,543,547
540,542,544,545,546
540,543,545,564,565
540,543,544,546
540,543,545
540,541,542,549,553,554
534,551,554,571
541,547,550,551,554,556,558,561,562
549,551,554
548,549,550,554,558
534,571
540,547,554,555
547,548,549,550,551,553,555,571
540,553,554,569,571
549,559,561,562
558
417,549,551,557,559,560,562
556,558,561,562,1146
558
549,556,559,1146
549,556,558,559
50
544
540,544,566
540,565,567,568
566,568
540,566,567,569
540,555,568,570,571
569,571,575,576,577,578,585,587
534,535,536,548,552,554,555,569,570,572,573,574,579,585
571
571
571
570,576,587
570,575,578
570,585
570,576
33,571,580,582,583,584,585,1109
33,45,579,585
106,108,1109
579
579,1109
579
33,45,570,571,577,579,580,587
50
570,575,585,588,1147
587,589,591,594,609,610,614,1147
588,591,594,596
594,597,609,621
588,589,594
1149,1154
1152
588,589,590,591,596,597,599,600,602,609,615,616,617,618,619,620,621,622,1149,1311
33,47,106,602,1150
589,594
590,594
59,602
594,619,620
61,594
74,75,123,124,125,126,603,604,1148,1152,1154
59,63,68,69,594,595,598,617,618,1149,1150,1154
123,601,1151,1152
80,126,601,606,607,1148,1154
1152
80,83,128,177,179,604,607,1113,1148,1305,1309
81,179,278,604,606,1149,1154
609,1147
588,590,594,608,1147
588
613,1147
613
611,612,1147
588
59,594,616,617
594,615
59,594,602,615
594,602
594,599
594,599
590,594
61,594,623,624,1311
622,624
61,622,623,625
624
52
1099,1247
631,633,634,635,1352
630,1352
629,631,632,1352
628,630,632,1352
630,631
628,634,1352
628,633,635,636,637,638,1352
628,634,636
634,635,637
634,636,638,639,642,645
634,637,639,1352
637,638,641,1352
645,646,653
639,642,643,644,645,1352
637,641,645
641,644,645
641,643,645,653,654,656,658,1352
637,640,641,642,643,644,653
640,648,649,651,653
658,659,660
646,651
646,650,651,652
649,652
646,648,649,652,653,654
649,650,651,654,655,656,657,658
640,644,645,646,651,654
644,651,652,653,656
652,656,658
644,652,654,655,658
652,658
644,647,652,655,656,657,659,662,1352
647,658,660,661,662
647,659,661
659,660,662
658,659,661,663,664,665,1160
662,665,666
662
662,663,666
663,665
672,692,1155,1156,1158,1172
672,692
671,674,675,680,683
673,674,679,696,714,715,1157,1160
669,675,681,683,1155,1159
667,668,677,692,725,1156
670,696,1157
669,670,680,683,1157
669,671,680,691,692,716,717,725,783,1155,1160,1161
677,685,693,694,725,730,748,750,1158,1159,1166
672,676,725,1156,1158
681,695,696,1157,1159,1164,1167
670
669,674,675,1160
671,678,683,1157,1159
1155,1159,1172
669,671,674,681,1157
688,944,947,972
676,687,748,1166
687,930,934,943,945,947,1168,1169,1170
685,686,690,748,929,930,931,935,936,1166,1211
684,944,945,947,972
1162,1171,1287
687,1171
675,716
667,668,672,675,725,1155
676,694,1172
676,693,1158
678,696,1164,1173
670,673,678,695,700,701,711,712,714,1173,1353
1171,1173
699,1171,1173
698,1171,1173
696,701,712
696,700,702,704,711,712,713
701,703,704
702,704,705,706
701,702,703,706,707,711
703,706,707,708
703,704,705,707
704,705,706,708,709,710,711,1354
705,707
707
707
696,701,704,707,1173
696,700,701,713,1353
701,712,1353
670,696,715,1353
670,714
675,691,717,1160,1161
675,716,718,783
717
1174
725,728,1174,1176
1174
723,724,1175
722,724,726,783,1183
722,723,783,1175
672,675,676,677,692,720,726,728,783,1174,1176
723,725,727,783,1174
726,1174
720,725,1176
730,731,732,738,749,750,1176,1177
676,729,750,1176
729,852,1176,1177
729,734,738,742,745,1177
851,853,857,859,1177,1197
732
739,766,782,874,884,885
739,745,746,784,1178
740,741,744,752,770,773,774,775,785,1178
729,732,742,743,749,750,755,756,763,1179
735,736,746,782,856,859,874,876,878,1180
737,757,770,773
737,1178
732,738,744,745,763,1178
738,750,754,755,756,759,1179,1211
737,742,752,763,1178,1179
732,736,742,746,856,857,859,1177,1178
736,739,745,856
1162,1163,1166,1287
676,685,687,750,940,1211
729,738,750
676,729,730,738,743,748,749,1211
762,764,1179
737,744,762,770,1179
759,1179
743,1211
738,743,756
738,743,755,1179
740,760,767,768,769,770,771,773,778,779,1256,1257
759
743,753,758,1009,1179,1258
757,766,771,774,776,779,781,785,788,796,1182
1179,1257
751,752,767,770,1179
738,742,744,1179
751,765,1179
764,1179
735,760,776,781,782,787,788,792,794,885,1180,1181
757,762,770,1179,1257
757
757,771
737,740,752,757,762,767
757,760,769,773,774
809,815,821,840,1310,1318,1326,1329
737,740,757,771,774
737,760,771,773,775,785
737,774,785
760,766,777,785,1180
776,785
757,779,780,1182
757,760,778,1182
778
760,766,788,1181
735,739,766,786,787,1180
675,717,723,724,725,726,1175
736,1178,1180
737,760,774,775,776,777,1178,1180
782,1180
766,782
760,766,781,789,790,791,792,793,1181
788,790,795,796,797,798,1182
788,789,791,797,885,1203
788,790,793,794,885
766,788,793,794
788,791,792,794
766,791,792,793,885
789,797,798
760,789,1182
789,790,795,798,803,804,805,1195,1203
789,795,797,801,802,803,827,830,1182
800,801,820,826,1184,1194
799,836,1184,1193,1194
798,799,802,820,822,826,828,829,830,1185
798,801,803,805,1185
797,798,802,804,805
797,803,805
797,802,803,804,820,1185,1195,1196
1189,1290,1291,1292
818,821,841,1189
821
772,814,821,1310
1260,1294
847,1292,1320
818,848,1261,1336,1337
1186,1288,1316,1327
809,817,821,1310
772,821,1288,1319
850,1187,1188,1196
814,821,838,839,1187,1191
807,812,819,841,844,845,846,848,849,1189,1190,1261,1337
818,841,842,843,844,1191,1193,1194
799,801,805,1184,1185,1188,1196
772,807,808,809,814,815,817,838,841,1186,1189,1191,1288,1289,1291
801
1160
1194
1194
799,801,829,1194
798,828,830,831,832,1182,1262
801,827,829,830,831
801,826,828,1192,1194
798,801,827,828,1262
827,828,832,833
827,831
831
835,1195,1203
834,1196,1203
800,837,1187,1188,1191,1193
836,1187,1263
817,821,1191
817
772
807,818,819,821,1191
819
819,1191,1193
818,819
818
818
811,1189,1261,1292,1320,1336
812,818,849
818,848
816,1196
733,854,855,859,1197
731,853,1174,1176,1197
733,852,1177,1197
851,1197
851
739,745,746,859
733,745,859,1177
859,860,861,864,866,872,874,877
733,739,745,851,856,857,858,861,877,878
858
858,859
868,915
865,898,927,928,1198,1207,1208
858,866,871,880,1199,1200
863,892,898,899,1198
858,864,874,1200
868,1210
862,867,880,904,905,906,907,912,913,915,916,924,1198,1201,1202,1206,1207,1210,1304
870,871,1201
869,871,892,897,1198,1201
864,869,870,879,880,883,897,1199,1201
858,874
874,882,884
735,739,858,866,872,873,875,876,877,878,881,882,884,950,1200
874,884,950
739,874
858,859,874,878
739,859,874,877
871
864,868,871,1201
874,950
873,874
871,890,950,1199,1200
735,873,874,875,885,889,950,1203
735,766,790,791,794,884,1203
888,950
1203
886,950
884
883
893,894,901,1204
865,870,897,899,900,1198
891,900,901,1204
891
900
902,1322,1332,1333,1334,1335
870,871,892
863,865,902,903,1208,1250,1332
865,892
892,893,895
891,893
896,898,903,1250,1332
898,902,1250
868,905,915,916,917,918,919,921
868,904,915,925
868,924
868,924
923,1205
910,1210
909,1205,1210,1295
1210
868,1206,1207
868,1207
1208,1324,1331
862,868,904,905
868,904,921,924
904,918
904,917
904
1207
904,916,922,924,1209
921,924,1209
908,924,1205,1210
868,906,907,916,921,922,923,1210
905
1198,1206
863,1198,1207
863,1207,1208
687,930
686,687,929,931,1168
687,930
942,1211
934,935,937,938,972,1211
686,933,935,943,946,947,972,1170
687,933,934,938,1211
687
933
933,935,1211
1211
748,1211
1211
932,1211
686,934,1169,1170
684,688,972
686,688,947
934,947
684,686,688,934,945,946,972
949,967,970,989,1218,1225
948,967,1223
874,875,881,883,884,886,888,1200,1203
959,967,970,1015,1230
968,1014,1212
955,956,1011,1012,1213,1264
1214
953,956,961,962,1001,1011,1213,1215,1228
953,955,957,1012,1213,1216,1299
956,969,984,985,988,995,1213,1214,1281,1284,1299
964,1220,1221,1265,1300
951,970,998,1008,1015,1030,1213,1218,1226,1227
1213,1226,1227,1228
955,999,1006,1215,1227,1228
955,997,1001
992,1217,1220,1266,1267,1272,1296,1300
958,1219,1221,1265
967,1031,1032,1033,1034,1223,1234
1223
948,949,951,965,970,1033,1212,1223
952,1014,1026,1033,1212
957,984,988,1214,1218,1225,1249
948,951,959,967,1218
972,1216,1270,1276
684,688,933,934,944,947,971,1266,1268,1269,1270,1272,1274,1275,1297
1270,1276
1277,1299
1217,1278
1216,1279,1297,1298
1216
1216,1296
980,982,1220
979,981,982,1220,1224
980,982,1280
979,980,981,1220,1224,1280,1285
1280
957,969,988,990
957,988
1249
1249
957,969,984,985,990,1249,1284
948,1223,1225
984,988
992,995,1283,1284,1285
963,991,995,1217,1220,1285
1225
1225
957,991,992,1217,1281,1284
1282,1285
962,1001,1227
959,1226,1227
961,1227,1228
1213,1226
955,962,997,1227
1227
1007,1227
1227
1227
961,1227
1003,1227
959
759,1010
1009
953,955
953,956
1229
952,968,1016,1017,1026,1229,1230,1231
951,959,1019,1030,1230
1014,1018,1022,1026
1014,1028,1029,1030,1231
1016,1022,1023,1229
1015,1030
1021
1020,1022,1026
1016,1018,1021
1018
1027
1026,1027,1233
968,1014,1016,1021,1025,1233
1024,1025,1232,1233
1017,1231
1017,1030
959,1015,1017,1019,1029,1230,1231
965,1033
965,1033
965,967,968,1031,1032,1212
965,1234
1234,1236
1234
1223,1234
1043,1077,1080
1043,1051,1072,1077
1235,1242
1081,1088,1089,1235,1243
1079,1080
1038,1039,1077,1080
1234
1051,1055,1058,1059,1236
1053,1057,1058,1059,1060
1072,1238
1072,1238
1236
1236
1039,1045,1054,1055,1072,1236,1238
1236
1046,1059,1234,1236
1051,1238
1045,1051,1056,1236
1055
1046,1059
1045,1046,1059
1045,1046,1053,1057,1058,1236
1046
1075,1240,1241
1063
1062,1303
1075
1066
1065,1070,1075
1069,1070,1071,1095
1071,1095,1096,1097,1098
1067
1066,1067
1067,1068,1095
1039,1047,1048,1051,1077,1078,1238
1240
1078,1238,1241
1061,1064,1066,1240,1241,1242
1078
1038,1039,1043,1072,1078,1079,1080,1235,1242
1072,1074,1076,1077,1238,1242
1042,1077,1235
1038,1042,1043,1077
1041,1235
1243
1084,1088
1083,1089,1286
1086,1087,1094,1244,1246
1085,1093,1094
1085,1094
1041,1083,1089
1041,1084,1088,1245,1286
1092,1245,1246,1325
1092,1244,1245,1246,1286
1090,1091,1245,1246
1086,1246
1085,1086,1087
1067,1068,1071
1068,1097
1068,1096
1068
65,627,1100,1102,1111,1112,1247
57,63,110,1099,1111
79,82,120,122,1102,1248
53,56,64,120,122,1099,1101,1112,1247
13,18,22,29,31,34,100
435,436,437,438,440,441,443
465,466,1251
467,1251,1252
23,500,501
23,24,1144
33,106,108,579,581,583
56,58,117,118
62,63,65,71,74,1099,1100
65,71,79,122,129,1099,1102,1153
83,88,91,128,606,1114,1152,1309
88,91,93,1113,1309
88,93,94,134
135,1308
138,141,147
148,152,1312
152,153,156,157,159,161
156,158,159,160
162,163,165,171,260,261,262,1122
164,165,166,1121
189,190,191,192,194
224,225,226,229
235,236,237,240,241,242,1126
236,238,258,259,1125,1127
238,255,256,1126
239,240,243,245
267,1130,1311
172,264,268,1129,1311
264,268
292,297,299,301,302,304,305,311,313,1133,1135
296,299,311,314,1132
288,289,297,298,312,315,316,317,318,319,321,322,328,329,331
297,298,312,340,350,1132,1136
339,340,341,342,344,350,1135,1137
339,349,350,351,1136,1138,1139
360,361,1137,1139
361,362,363,371,1137,1138,1140,1142
363,1139,1141
363,367,1140
370,1139
514,515,516,519
23,24,500,508,518,523,1108,1145
21,22,508,520,521,522,523,1144
559,561
587,588,608,609,611,613
80,128,601,604,606,1152
78,81,278,280,281,592,594,602,607,1154,1311
106,107,110,595,602
123,603,1152,1153
128,593,601,603,605,1113,1148,1151
71,123,1112,1151
69,73,125,216,592,601,602,604,607,1149
667,671,675,682,692,1159,1172
667,672,677,1158
670,673,674,678,681,683
667,676,677,694,1156,1172
671,676,678,681,682,1155,1167,1172
662,670,675,680,716,823,1161
675,716,1160
689,747,1166,1287
747,1166
678,695,1165,1167,1173
1164,1167,1171,1173,1287
676,685,687,747,1162,1163,1167,1171,1287
678,1159,1164,1165,1166,1287
686,930
686,943
686,934,943
689,690,697,698,699,1165,1166,1173
667,682,693,1155,1158,1159
695,696,697,698,699,711,1164,1165,1171
719,720,721,725,726,727,852
722,724,783,1183
720,725,728,729,730,731,852
729,731,732,733,745,853,857
736,737,741,742,744,745,784,785
738,743,744,751,752,753,756,759,761,762,763,764,765,767,1257
739,766,776,782,784,785,786
766,781,788
760,778,779,789,796,798,827
723,1175
799,800,820,1188
801,802,805,820
813,821,1288,1289,1319,1327
816,817,836,837,1188,1191
816,820,836,1184,1187,1196
806,807,818,821,847,1190,1261,1291,1292
818,1189
817,819,821,836,838,841,843,1187,1193,1263
829
800,819,836,843,1191,1194
799,800,819,824,825,826,829,1193
797,805,834,1196
805,816,820,835,850,1188,1195
733,851,852,853,854
863,865,868,870,892,926,927,1201,1206,1207
864,871,883,1200
864,866,874,883,950,1199
868,869,870,871,880,1198
868,1304
790,797,834,835,884,885,887,950
891,893
908,910,923,1210,1295
868,912,926,1198,1207
863,868,912,913,920,927,928,1198,1206,1208
863,898,914,928,1207,1321,1330,1331
921,922
867,868,909,910,911,923,924,1205,1304
687,743,748,750,754,932,933,935,938,939,940,941,942
952,967,968,1033,1230
953,955,956,957,959,960,1000,1214,1218,1228
954,957,969,1213,1218
955,961,1228
956,971,976,977,978,1296,1298,1299
963,975,992,995,1277,1281,1296,1299
948,959,969,970,1213,1214,1225
964,1265,1267,1300
958,963,979,980,982,992,1285,1300
958,964
1223,1234
949,965,966,967,989,1037,1222,1234
980,982
948,969,989,993,994,1218,1249
959,960,998,1000,1227
959,960,961,997,998,999,1001,1002,1003,1004,1005,1006,1007,1226,1228
955,960,961,999,1213,1215,1227
1013,1014,1018
951,1014,1015,1030,1212,1231
1014,1017,1028,1030,1230
1027
1025,1026,1027
965,1034,1035,1036,1037,1044,1053,1222,1223,1236
1040,1041,1077,1079,1081,1242
1035,1045,1049,1050,1051,1052,1053,1055,1059,1234
1238,1241
1047,1048,1051,1054,1072,1074,1078,1237
1240,1241
1061,1073,1075,1239,1241,1303
1061,1074,1075,1237,1239,1240,1242
1040,1075,1077,1078,1235,1241
1041,1082
1085,1091
1089,1090,1091,1092,1286
1085,1090,1091,1092,1093
42,627,1099,1102
82,84,85,130,131,1101
969,986,987,988,1225,1301
898,902,903
464,465,466,467,482,483,484,487,488,1105,1106
467,481,1106
467,481
467,486,487
484,488
757,1257
757,761,767,1179,1256,1258
759,1257
1292,1293,1294
810,1293,1336
812,818,847,1189
827,830
837,1191
953
958,964,1219
963,972
963,1219
972,1269,1274
972,1268,1270,1273,1297
971,972,973,1269,1271,1274,1275,1297,1298
1270,1297
963,972,1296
1269,1274
972,1268,1270,1273
972,1270
971,973
974,1217
975,1299
976,1296,1297
981,982,983
957,995,1217,1299
996,1283
991,1282,1284,1285
957,988,991,995,1283
982,991,992,996,1220,1283
1084,1089,1091,1245
689,747,1162,1165,1166,1167
813,815,821,1186,1316,1319,1327
821,1186,1291,1328
806,1291
806,821,1189,1289,1290,1317,1328
806,811,847,1189,1259,1293,1320
1259,1260,1292,1294,1336
810,1259,1293
910,1205
963,978,1216,1217,1272,1279,1297
972,976,1269,1270,1271,1279,1296,1298
976,1216,1270,1297
956,957,974,1216,1217,1278,1281
958,963,1219,1220
1249
92,135
1063,1240
868,1202,1210
92,606,1309
132,133,136,137,1313
167,168,170
132,134,135,136,1116,1313,1314
90,92,127,135,606,1113,1114,1305
772,809,814
172,173,174,281,594,622,1129,1130,1149
143,144,147,150,151,152,1118
132,133,1306,1308,1314
133,134,1308,1313
17,1341
813,1288,1327
1291,1328
772,1326,1329
815,1186,1288,1323,1326,1327,1328
811,847,1292,1336
1208,1330,1331
896,1332,1333
1319,1328
914
1090
772,1318,1319
813,1186,1288,1316,1319
1289,1291,1317,1319,1323
772,1318
1208,1321
914,1208,1321
896,898,902,1322
896,1322
896
896
812,847,1260,1293,1320,1337
812,818,1336
49,60,66,72,76,77,111
77
84,85,131
9,17,1315,1348
17,26,28,35,49,114,115,234,235,236,257
496,497
2,196
196
196
1351
7,9,11,17,231,1341
3,4,7
11
5,1347
628,629,630,631,633,634,638,639,641,644,658
696,712,713,714
707
409
511,512
434
442
409
461
493
296,305,306
303,306
303
303
378
378
378
378
378
378
378
374,378
