1,2,3,4,5,6,7,8,9,10,11,12,13,14,15,16,17,18,19,20,21,22,23,24,25,26,27
28,29,30,31,32,33,34,35,36,37,38,39,40,41,42,43,44,45,46,47,48,49,50,51,52,53,54,55,56,57,58,59,60,61,62,63,64,65,66
67,68,69,70
67,68,69,70,71,72,73,74,75,76,77
67,68,69,70,71,72,73,74,75,76,77
67,68,69,70
67,68,69,70,72,73,74,78,79,80,81
67,68,69,70
67,68,69,70,71,72,73,74,75,76,77
67,68,69,70,71,72,73,74,75,76,77
67,68,69,70,72,73,74,82,83,84,85,86,87,88
67,68,69,70,71,72,73,74,75,76,77
67,68,69,70
67,68,69,70
67,68,69,70,82,83,84
67,68,69,70,82,83,84
67,68,69,70,72,73,74,82,83,84,85,86,87,88
67,68,69,70,82,83,84
67,68,69,70,71,72,73,74,75,76,77
67,68,69,70,72,73,74,89,90,91,92
67,68,69,70,82,83,84
67,68,69,70,82,83,84
67,68,69,70,72,73,74,89,90,91,92
67,68,69,70,82,83,84
67,68,69,70,82,83,84
67,68,69,70,72,73,74,78,79,80,81
67,68,69,70,72,73,74,93,94,95,96
67,68,69,70,72,73,74,89,90,91,92
67,68,69,70,72,73,74,78,79,80,81,82,83,84
67,68,69,70
67,68,69,70,72,73,74,82,83,84,85,86,87,88
1,2,3,4,5,6,7,8,9,10,11,12,13,14,15,16,17,18,19,20,21,22,23,24,25,26,27,97,98,99
5,6,7,8,14,15,16,17,23,24,25,26,97,98,99
67,68,69,70,72,73,74,82,83,84,85,86,87,88
67,68,69,70,72,73,74,89,90,91,92
67,68,69,70,82,83,84
67,68,69,70,82,83,84
67,68,69,70,72,73,74,82,83,84,89,90,91,92
67,68,69,70,72,73,74,78,79,80,81,82,83,84
67,68,69,70,72,73,74,78,79,80,81,82,83,84
67,68,69,70,71,72,73,74,75,76,77,82,83,84
67,68,69,70,72,73,74,82,83,84,89,90,91,92
67,68,69,70,72,73,74,78,79,80,81,82,83,84
67,68,69,70,82,83,84
82,83,84,100,101,102,103,104,105,106,107,108,109,110,111
67,68,69,70,82,83,84
112,113,114,115,116,117,118,119,120,121,122,123,124,125,126,127,128,129,130,131,132,133,134,135,136,137,138,139,140,141
142,143,144,145,146,147,148,149,150,151,152,153,154,155,156,157,158,159,160,161,162,163,164,165,166,167,168,169,170,171,172,173,174,175,176,177,178,179,180
67,68,69,70,72,73,74,78,79,80,81,82,83,84
5,6,7,8,9,14,15,16,17,18,23,24,25,26,27,97,98,99,181,182,183,184,185,186,187,188,189,190,191,192
67,68,69,70,72,73,74,82,83,84,85,86,87,88
67,68,69,70,71,72,73,74,75,76,77,82,83,84,193
67,68,69,70,72,73,74,78,79,80,81,82,83,84
67,68,69,70,72,73,74,78,79,80,81,82,83,84
194,195,196,197,198,199,200,201,202,203,204,205,206,207,208,209,210,211,212,213,214,215,216,217,218,219,220,221,222,223
67,68,69,70,72,73,74,82,83,84,85,86,87,88
67,68,69,70,82,83,84
67,68,69,70,72,73,74,78,79,80,81,82,83,84
224,225,226,227,228,229,230,231,232,233,234,235,236,237,238,239,240,241,242,243,244,245,246,247,248,249,250,251,252,253,254,255,256,257,258,259,260,261,262
67,68,69,70,71,72,73,74,75,76,77,82,83,84
142,143,144,145,146,147,148,149,150,151,152,153,154,155,156,157,158,159,160,161,162,163,164,165,166,167,168,169,170,171,172,173,174,175,176,177,178,179,180
5,6,7,8,9,14,15,16,17,18,23,24,25,26,27,97,98,99,263,264,265,266,267,268,269,270,271,272,273,274,275,276,277,278,279,280,281,282,283
5,6,7,8,14,15,16,17,23,24,25,26,97,98,99
67,68,69,70,72,73,74,82,83,84,93,94,95,96
67,68,69,70,72,73,74,82,83,84,85,86,87,88
67,68,69,70,72,73,74,82,83,84,89,90,91,92
67,68,69,70,72,73,74,78,79,80,81,82,83,84
5,6,7,8,14,15,16,17,23,24,25,26,97,98,99
82,83,84,100,101,102,103,104,105,106,107,108,109,110,111
67,68,69,70,71,72,73,74,75,76,77,82,83,84
67,68,69,70,72,73,74,89,90,91,92
67,68,69,70,72,73,74,78,79,80,81,82,83,84
67,68,69,70,82,83,84
194,195,196,197,198,199,200,201,202,203,204,205,206,207,208,209,210,211,212,213,214,215,216,217,218,219,220,221,222,223
194,195,196,198,199,200,201,204,205,206,207,210,211,212,213
67,68,69,70,71,72,73,74,75,76,77
67,68,69,70,72,73,74,82,83,84,89,90,91,92
112,113,114,116,117,118,119,122,123,124,125,128,129,130,131
67,68,69,70,72,73,74,82,83,84,93,94,95,96
82,83,84,100,101,102,103,104,105,106,107,108,109,110,111
67,68,69,70,82,83,84
67,68,69,70,71,72,73,74,75,76,77,82,83,84
67,68,69,70,72,73,74,78,79,80,81
67,68,69,70,72,73,74,93,94,95,96
67,68,69,70,72,73,74,82,83,84,89,90,91,92
82,83,84,100,101,102,103,104,105,106,107,108,109,110,111,284,285,286,287,288,289,290,291,292,293,294,295,296,297,298
28,29,30,32,33,34,35,36,37,38,39,41,42,43,44,45,46,47,48,50,51,52,53,54,55,56,57,198,199,200,201,202,204,205,206,207,208,210,211,212,213,214,299,300,301,302,303,304,305,306,307,308,309,310,311,312,313,314,315,316,317,318,319,320,321,322,323,324,325,326,327,328,329,330,331
100,101,102,103,104,105,106,107,108,109,110,111,224,225,226,228,229,230,231,237,238,239,240,246,247,248,249
82,83,84,100,101,102,103,104,105,106,107,108,109,110,111,284,285,286,287,288,289,290,291,292,293,294,295,296,297,298
67,68,69,70,72,73,74,93,94,95,96
67,68,69,70,71,72,73,74,75,76,77
67,68,69,70,72,73,74,78,79,80,81,82,83,84
67,68,69,70,72,73,74,82,83,84,89,90,91,92
82,83,84,100,101,102,103,104,105,106,107,108,109,110,111,285,287,289,332,333,334,335,336,337,338,339,340,341,342,343
0
67,68,69,70
67,68,69,70,82,83,84
67,68,69,70
67,68,69,70
67,68,69,70
67,68,69,70,82,83,84
67,68,69,70,72,73,74,82,83,84,89,90,91,92
67,68,69,70,72,73,74,78,79,80,81,82,83,84
67,68,69,70,71,72,73,74,75,76,77,82,83,84
67,68,69,70,82,83,84
67,68,69,70,82,83,84
67,68,69,70,82,83,84
67,68,69,70,82,83,84
67,68,69,70,82,83,84
67,68,69,70,82,83,84
67,68,69,70,71,72,73,74,75,76,77
67,68,69,70,72,73,74,82,83,84,89,90,91,92
67,68,69,70,72,73,74,82,83,84,89,90,91,92
67,68,69,70,72,73,74,89,90,91,92
67,68,69,70,72,73,74,82,83,84,89,90,91,92
67,68,69,70,72,73,74,78,79,80,81,82,83,84
67,68,69,70,72,73,74,89,90,91,92
67,68,69,70,71,72,73,74,75,76,77,82,83,84
67,68,69,70,72,73,74,82,83,84,85,86,87,88
67,68,69,70,72,73,74,85,86,87,88
67,68,69,70,72,73,74,78,79,80,81,82,83,84
67,68,69,70,72,73,74,82,83,84,89,90,91,92
82,83,84,100,101,102,103,104,105,106,107,108,109,110,111,285,287,289,344,345,346,347,348,349,350,351,352,353,354,355
82,83,84,100,101,102,103,104,105,106,107,108,109,110,111,285,287,289,344,345,346,347,348,349,350,351,352,353,354,355
82,83,84,100,101,102,103,104,105,106,107,108,109,110,111
67,68,69,70,72,73,74,78,79,80,81,82,83,84
67,68,69,70,72,73,74,82,83,84,89,90,91,92
28,29,30,31,32,33,34,35,36,37,38,39,40,41,42,43,44,45,46,47,48,49,50,51,52,53,54,55,56,57,58,59,60,61,62,63,64,65,66
67,68,69,70,72,73,74,78,79,80,81
67,68,69,70,72,73,74,78,79,80,81,82,83,84
67,68,69,70,72,73,74,78,79,80,81,82,83,84
82,83,84,100,101,102,103,104,105,106,107,108,109,110,111
82,83,84,100,101,102,103,104,105,106,107,108,109,110,111
82,83,84,100,101,102,103,104,105,106,107,108,109,110,111
0
82,83,84,100,101,102,103,104,105,106,107,108,109,110,111
82,83,84,100,101,102,103,104,105,106,107,108,109,110,111
67,68,69,70,72,73,74,82,83,84,89,90,91,92
82,83,84,100,101,102,103,104,105,106,107,108,109,110,111
82,83,84,100,101,102,103,104,105,106,107,108,109,110,111
82,83,84,100,101,102,103,104,105,106,107,108,109,110,111
67,68,69,70,72,73,74,82,83,84,89,90,91,92
82,83,84,100,101,102,103,104,105,106,107,108,109,110,111
82,83,84,100,101,102,103,104,105,106,107,108,109,110,111
82,83,84,100,101,102,103,104,105,106,107,108,109,110,111
82,83,84,100,101,102,103,104,105,106,107,108,109,110,111
194,195,196,197,198,199,200,201,202,203,204,205,206,207,208,209,210,211,212,213,214,215,216,217,218,219,220,221,222,223
82,83,84,100,101,102,103,104,105,106,107,108,109,110,111,285,287,289,344,345,346,347,348,349,350,351,352,353,354,355
112,113,114,116,117,118,119,120,122,123,124,125,126,128,129,130,131,132,356,357,358,359,360,361,362,363,364,365,366,367,368,369,370,371,372,373,374,375,376
82,83,84,100,101,102,103,104,105,106,107,108,109,110,111
67,68,69,70,72,73,74,82,83,84,89,90,91,92
82,83,84,100,101,102,103,104,105,106,107,108,109,110,111
0
82,83,84,100,101,102,103,104,105,106,107,108,109,110,111,285,287,289,344,345,346,347,348,349,350,351,352,353,354,355
82,83,84,100,101,102,103,104,105,106,107,108,109,110,111,285,287,289,344,345,346,347,348,349,350,351,352,353,354,355
82,83,84,100,101,102,103,104,105,106,107,108,109,110,111,285,287,289,344,345,346,347,348,349,350,351,352,353,354,355
82,83,84,100,101,102,103,104,105,106,107,108,109,110,111
82,83,84,100,101,102,103,104,105,106,107,108,109,110,111
67,68,69,70,72,73,74,82,83,84,85,86,87,88
82,83,84,100,101,102,103,104,105,106,107,108,109,110,111
82,83,84,100,101,102,103,104,105,106,107,108,109,110,111
67,68,69,70,82,83,84
67,68,69,70,82,83,84
67,68,69,70,82,83,84
82,83,84,100,101,102,103,104,105,106,107,108,109,110,111
82,83,84,100,101,102,103,104,105,106,107,108,109,110,111
82,83,84,100,101,102,103,104,105,106,107,108,109,110,111
82,83,84,100,101,102,103,104,105,106,107,108,109,110,111
67,68,69,70,82,83,84
67,68,69,70,82,83,84
82,83,84,100,101,102,103,104,105,106,107,108,109,110,111
67,68,69,70,82,83,84
67,68,69,70,82,83,84
67,68,69,70,82,83,84
67,68,69,70,72,73,74,78,79,80,81,82,83,84
82,83,84,100,101,102,103,104,105,106,107,108,109,110,111
82,83,84,100,101,102,103,104,105,106,107,108,109,110,111
82,83,84,100,101,102,103,104,105,106,107,108,109,110,111
67,68,69,70,72,73,74,78,79,80,81,82,83,84
5,6,7,8,14,15,16,17,23,24,25,26,377,378,379,380,381,382,383,384,385,386,387,388,389,390,391
67,68,69,70
198,199,200,201,204,205,206,207,210,211,212,213
5,6,7,8,14,15,16,17,23,24,25,26,377,378,379,380,381,382,383,384,385,386,387,388,389,390,391
146,147,148,149,155,156,157,158,164,165,166,167
28,29,30,32,33,34,35,41,42,43,44,50,51,52,53
198,199,200,201,204,205,206,207,210,211,212,213
198,199,200,201,204,205,206,207,210,211,212,213
198,199,200,201,204,205,206,207,210,211,212,213,224,225,226,228,229,230,231,237,238,239,240,246,247,248,249
5,6,7,8,14,15,16,17,23,24,25,26,377,378,379,380,381,382,383,384,385,386,387,388,389,390,391
100,101,102,103,104,105,106,107,108,109,110,111
67,68,69,70
67,68,69,70
67,68,69,70,72,73,74,89,90,91,92
67,68,69,70
67,68,69,70
67,68,69,70,71,72,73,74,75,76,77
5,6,7,8,9,14,15,16,17,18,23,24,25,26,27,181,182,183,184,185,186,187,188,189,190,191,192
67,68,69,70,72,73,74,89,90,91,92
67,68,69,70,72,73,74,93,94,95,96,193
93,94,95,96
198,199,200,201,202,204,205,206,207,208,210,211,212,213,214,224,225,226,228,229,230,231,232,233,234,235,237,238,239,240,241,242,243,244,246,247,248,249,250,251,252,253,392,393,394,395,396,397,398,399,400,401,402,403,404,405,406,407,408,409,410,411,412,413,414,415
146,147,148,149,153,155,156,157,158,162,164,165,166,167,171,416,417,418,419,420,421,422,423,424,425,426,427
100,101,102,103,104,105,106,107,108,109,110,111,285,287,289,344,345,346,347,348,349,350,351,352,353,354,355
67,68,69,70,71,72,73,74,75,76,77
115,116,117,118,119,120,121,122,123,124,125,126,127,128,129,130,131,132,133,134,135,136,137,138,139,140,141
67,68,69,70,72,73,74,85,86,87,88,193
198,199,200,201,202,204,205,206,207,208,210,211,212,213,214,224,225,226,228,229,230,231,232,233,234,235,237,238,239,240,241,242,243,244,246,247,248,249,250,251,252,253,392,393,394,398,399,400,401,402,403,404,405,406,428,429,430,431,432,433,434,435,436,437,438,439
100,101,102,103,104,105,106,107,108,109,110,111,284,285,286,287,288,289,290,291,292,293,294,295,296,297,298
67,68,69,70,71,72,73,74,75,76,77,193
146,147,148,149,153,155,156,157,158,162,164,165,166,167,171,416,417,418,419,420,421,422,423,424,425,426,427
82,83,84,100,101,102,103,104,105,106,107,108,109,110,111,284,285,286,287,288,289,290,291,292,293,294,295,296,297,298
1,2,3,4,5,6,7,8,9,10,11,12,13,14,15,16,17,18,19,20,21,22,23,24,25,26,27,224,225,226,227,228,229,230,231,232,233,234,235,236,237,238,239,240,241,242,243,244,245,246,247,248,249,250,251,252,253,254,255,256,257,258,259,260,261,262
5,6,7,8,9,14,15,16,17,18,23,24,25,26,27,263,264,265,266,267,268,269,270,271,272,273,274,275,276,277,278,279,280,281,282,283,377,378,379,380,381,382,383,384,385,386,387,388,389,390,391,440,441,442,443,444,445,446,447,448,449,450,451,452,453,454,455,456,457,458,459,460,461,462,463
82,83,84,100,101,102,103,104,105,106,107,108,109,110,111,285,287,289,344,345,346,347,348,349,350,351,352,353,354,355
82,83,84,100,101,102,103,104,105,106,107,108,109,110,111,285,287,289,344,345,346,347,348,349,350,351,352,353,354,355
112,113,114,116,117,118,119,122,123,124,125,128,129,130,131
1,2,3,4,5,6,7,8,9,10,11,12,13,14,15,16,17,18,19,20,21,22,23,24,25,26,27,377,378,379,380,381,382,383,384,385,386,387,388,389,390,391,440,441,442,443,444,445,446,447,448,449,450,451,452,453,454,455,456,457,458,459,460,461,462,463
112,113,114,115,116,117,118,119,120,121,122,123,124,125,126,127,128,129,130,131,132,133,134,135,136,137,138,139,140,141
82,83,84,100,101,102,103,104,105,106,107,108,109,110,111,285,287,289,344,345,346,347,348,349,350,351,352,353,354,355
82,83,84,100,101,102,103,104,105,106,107,108,109,110,111,284,285,286,287,288,289,290,291,292,293,294,295,296,297,298
82,83,84,100,101,102,103,104,105,106,107,108,109,110,111,285,287,289,344,345,346,347,348,349,350,351,352,353,354,355
112,113,114,115,116,117,118,119,120,121,122,123,124,125,126,127,128,129,130,131,132,133,134,135,136,137,138,139,140,141
82,83,84,100,101,102,103,104,105,106,107,108,109,110,111,285,287,289,344,345,346,347,348,349,350,351,352,353,354,355
82,83,84,100,101,102,103,104,105,106,107,108,109,110,111,285,287,289,344,345,346,347,348,349,350,351,352,353,354,355
67,68,69,70,72,73,74,78,79,80,81,82,83,84
67,68,69,70,71,72,73,74,75,76,77,82,83,84
67,68,69,70,72,73,74,78,79,80,81,82,83,84
67,68,69,70,72,73,74,78,79,80,81,82,83,84
67,68,69,70,72,73,74,82,83,84,93,94,95,96
67,68,69,70,72,73,74,78,79,80,81
67,68,69,70,72,73,74,82,83,84,89,90,91,92
67,68,69,70,72,73,74,78,79,80,81,82,83,84
67,68,69,70,72,73,74,82,83,84,89,90,91,92
67,68,69,70,72,73,74,82,83,84,89,90,91,92
67,68,69,70,72,73,74,78,79,80,81,82,83,84
67,68,69,70,72,73,74,82,83,84,89,90,91,92
82,83,84,100,101,102,103,104,105,106,107,108,109,110,111,284,285,286,287,288,289,290,291,292,293,294,295,296,297,298
82,83,84,100,101,102,103,104,105,106,107,108,109,110,111,285,287,289,464,465,466,467,468,469,470,471,472,473,474,475
67,68,69,70,72,73,74,78,79,80,81,82,83,84
67,68,69,70,71,72,73,74,75,76,77,82,83,84
142,143,144,146,147,148,149,153,155,156,157,158,162,164,165,166,167,171,416,417,418,419,420,421,422,423,424,425,426,427
67,68,69,70,72,73,74,82,83,84,85,86,87,88
82,83,84,100,101,102,103,104,105,106,107,108,109,110,111,284,285,286,287,288,289,290,291,292,293,294,295,296,297,298
112,113,114,115,116,117,118,119,120,121,122,123,124,125,126,127,128,129,130,131,132,133,134,135,136,137,138,139,140,141
194,195,196,198,199,200,201,202,204,205,206,207,208,210,211,212,213,214,476,477,478,479,480,481,482,483,484,485,486,487
82,83,84,100,101,102,103,104,105,106,107,108,109,110,111,284,285,286,287,288,289,290,291,292,293,294,295,296,297,298
112,113,114,115,116,117,118,119,120,121,122,123,124,125,126,127,128,129,130,131,132,133,134,135,136,137,138,139,140,141
82,83,84,100,101,102,103,104,105,106,107,108,109,110,111,284,285,286,287,288,289,290,291,292,293,294,295,296,297,298
142,143,144,146,147,148,149,153,155,156,157,158,162,164,165,166,167,171,416,417,418,419,420,421,422,423,424,425,426,427
82,83,84,100,101,102,103,104,105,106,107,108,109,110,111,284,285,286,287,288,289,290,291,292,293,294,295,296,297,298
82,83,84,100,101,102,103,104,105,106,107,108,109,110,111,284,285,286,287,288,289,290,291,292,293,294,295,296,297,298
194,195,196,198,199,200,201,202,204,205,206,207,208,210,211,212,213,214,299,300,301,302,303,304,305,306,307,308,309,310,314,315,316,317,318,319,320,321,322
142,143,144,146,147,148,149,153,155,156,157,158,162,164,165,166,167,171,416,417,418,419,420,421,422,423,424,425,426,427
112,113,114,115,116,117,118,119,120,121,122,123,124,125,126,127,128,129,130,131,132,133,134,135,136,137,138,139,140,141
82,83,84,100,101,102,103,104,105,106,107,108,109,110,111,284,285,286,287,288,289,290,291,292,293,294,295,296,297,298
112,113,114,115,116,117,118,119,120,121,122,123,124,125,126,127,128,129,130,131,132,133,134,135,136,137,138,139,140,141
67,68,69,70,72,73,74,82,83,84,89,90,91,92
67,68,69,70,71,72,73,74,75,76,77,82,83,84
67,68,69,70,72,73,74,82,83,84,93,94,95,96
82,83,84,100,101,102,103,104,105,106,107,108,109,110,111
82,83,84,100,101,102,103,104,105,106,107,108,109,110,111
82,83,84,100,101,102,103,104,105,106,107,108,109,110,111
112,113,114,116,117,118,119,122,123,124,125,128,129,130,131
67,68,69,70,82,83,84
194,195,196,198,199,200,201,202,204,205,206,207,208,210,211,212,213,214,392,393,394,398,399,400,401,402,403,404,405,406
194,195,196,198,199,200,201,202,204,205,206,207,208,210,211,212,213,214,392,393,394,398,399,400,401,402,403,404,405,406
194,195,196,198,199,200,201,202,204,205,206,207,208,210,211,212,213,214,392,393,394,398,399,400,401,402,403,404,405,406
194,195,196,198,199,200,201,204,205,206,207,210,211,212,213
67,68,69,70,72,73,74,78,79,80,81,82,83,84,193
194,195,196,197,198,199,200,201,202,203,204,205,206,207,208,209,210,211,212,213,214,215,216,217,218,219,220,221,222,223
82,83,84,100,101,102,103,104,105,106,107,108,109,110,111,285,287,289,344,345,346,347,348,349,350,351,352,353,354,355
82,83,84,100,101,102,103,104,105,106,107,108,109,110,111,285,287,289,344,345,346,347,348,349,350,351,352,353,354,355
194,195,196,197,198,199,200,201,202,203,204,205,206,207,208,209,210,211,212,213,214,215,216,217,218,219,220,221,222,223
194,195,196,198,199,200,201,202,204,205,206,207,208,210,211,212,213,214,392,393,394,398,399,400,401,402,403,404,405,406
67,68,69,70,72,73,74,82,83,84,89,90,91,92,193
194,195,196,197,198,199,200,201,202,203,204,205,206,207,208,209,210,211,212,213,214,215,216,217,218,219,220,221,222,223
198,199,200,201,202,204,205,206,207,208,210,211,212,213,214,392,393,394,398,399,400,401,402,403,404,405,406
82,83,84,100,101,102,103,104,105,106,107,108,109,110,111
67,68,69,70,82,83,84
0
67,68,69,70,82,83,84
194,195,196,197,198,199,200,201,202,203,204,205,206,207,208,209,210,211,212,213,214,215,216,217,218,219,220,221,222,223
67,68,69,70,72,73,74,82,83,84,85,86,87,88,193
28,29,30,31,32,33,34,35,36,37,38,39,40,41,42,43,44,45,46,47,48,49,50,51,52,53,54,55,56,57,58,59,60,61,62,63,64,65,66
67,68,69,70,72,73,74,78,79,80,81,82,83,84,193
82,83,84,100,101,102,103,104,105,106,107,108,109,110,111,284,285,286,287,288,289,290,291,292,293,294,295,296,297,298
82,83,84,100,101,102,103,104,105,106,107,108,109,110,111,285,287,289,344,345,346,347,348,349,350,351,352,353,354,355
116,117,118,119,120,122,123,124,125,126,128,129,130,131,132,488,489,490,491,492,493,494,495,496,497,498,499
112,113,114,116,117,118,119,120,122,123,124,125,126,128,129,130,131,132,488,489,490,491,492,493,494,495,496,497,498,499
82,83,84,100,101,102,103,104,105,106,107,108,109,110,111,284,285,286,287,288,289,290,291,292,293,294,295,296,297,298
100,101,102,103,104,105,106,107,108,109,110,111,284,285,286,287,288,289,290,291,292,293,294,295,296,297,298
198,199,200,201,202,204,205,206,207,208,210,211,212,213,214,392,393,394,398,399,400,401,402,403,404,405,406
194,195,196,197,198,199,200,201,202,203,204,205,206,207,208,209,210,211,212,213,214,215,216,217,218,219,220,221,222,223
194,195,196,197,198,199,200,201,202,203,204,205,206,207,208,209,210,211,212,213,214,215,216,217,218,219,220,221,222,223
82,83,84,100,101,102,103,104,105,106,107,108,109,110,111,284,285,286,287,288,289,290,291,292,293,294,295,296,297,298
116,117,118,119,120,122,123,124,125,126,128,129,130,131,132,356,357,358,359,360,361,362,363,364,365,366,367,368,369,370,371,372,373,374,375,376
116,117,118,119,120,122,123,124,125,126,128,129,130,131,132,356,357,358,359,360,361,362,363,364,365,366,367,368,369,370,371,372,373,374,375,376
100,101,102,103,104,105,106,107,108,109,110,111,285,287,289,344,345,346,347,348,349,350,351,352,353,354,355
198,199,200,201,202,204,205,206,207,208,210,211,212,213,214,392,393,394,398,399,400,401,402,403,404,405,406
100,101,102,103,104,105,106,107,108,109,110,111,284,285,286,287,288,289,290,291,292,293,294,295,296,297,298
100,101,102,103,104,105,106,107,108,109,110,111,284,285,286,287,288,289,290,291,292,293,294,295,296,297,298
100,101,102,103,104,105,106,107,108,109,110,111,284,285,286,287,288,289,290,291,292,293,294,295,296,297,298
116,117,118,119,120,122,123,124,125,126,128,129,130,131,132,356,357,358,359,360,361,362,363,364,365,366,367,368,369,370,371,372,373,374,375,376
67,68,69,70,72,73,74,93,94,95,96,193
197,198,199,200,201,202,203,204,205,206,207,208,209,210,211,212,213,214,215,216,217,218,219,220,221,222,223
116,117,118,119,120,122,123,124,125,126,128,129,130,131,132,356,357,358,359,360,361,362,363,364,365,366,367,368,369,370,371,372,373,374,375,376
100,101,102,103,104,105,106,107,108,109,110,111,284,285,286,287,288,289,290,291,292,293,294,295,296,297,298
100,101,102,103,104,105,106,107,108,109,110,111,285,287,289,332,333,334,335,336,337,338,339,340,341,342,343
116,117,118,119,120,122,123,124,125,126,128,129,130,131,132,356,357,358,359,360,361,362,363,364,365,366,367,368,369,370,371,372,373,374,375,376
100,101,102,103,104,105,106,107,108,109,110,111,285,287,289,332,333,334,335,336,337,338,339,340,341,342,343
100,101,102,103,104,105,106,107,108,109,110,111,285,287,289,332,333,334,335,336,337,338,339,340,341,342,343
100,101,102,103,104,105,106,107,108,109,110,111,284,285,286,287,288,289,290,291,292,293,294,295,296,297,298
197,198,199,200,201,202,203,204,205,206,207,208,209,210,211,212,213,214,215,216,217,218,219,220,221,222,223
197,198,199,200,201,202,203,204,205,206,207,208,209,210,211,212,213,214,215,216,217,218,219,220,221,222,223
100,101,102,103,104,105,106,107,108,109,110,111,285,287,289,332,333,334,335,336,337,338,339,340,341,342,343
67,68,69,70,72,73,74,82,83,84,85,86,87,88,193
82,83,84,100,101,102,103,104,105,106,107,108,109,110,111,285,287,289,344,345,346,347,348,349,350,351,352,353,354,355
82,83,84,100,101,102,103,104,105,106,107,108,109,110,111,285,287,289,344,345,346,347,348,349,350,351,352,353,354,355
5,6,7,8,9,14,15,16,17,18,23,24,25,26,27,97,98,99,181,182,183,184,185,186,187,188,189,190,191,192
112,113,114,115,116,117,118,119,120,121,122,123,124,125,126,127,128,129,130,131,132,133,134,135,136,137,138,139,140,141
112,113,114,115,116,117,118,119,120,121,122,123,124,125,126,127,128,129,130,131,132,133,134,135,136,137,138,139,140,141
1,2,3,4,5,6,7,8,9,10,11,12,13,14,15,16,17,18,19,20,21,22,23,24,25,26,27,377,378,379,380,381,382,383,384,385,386,387,388,389,390,391,441,442,443,444,446,447,448,449,451,452,453,454,500,501,502,503,504,505,506,507,508,509,510,511
112,113,114,115,116,117,118,119,120,121,122,123,124,125,126,127,128,129,130,131,132,133,134,135,136,137,138,139,140,141
82,83,84,100,101,102,103,104,105,106,107,108,109,110,111,284,285,286,287,288,289,290,291,292,293,294,295,296,297,298
1,2,3,4,5,6,7,8,9,10,11,12,13,14,15,16,17,18,19,20,21,22,23,24,25,26,27,377,378,379,380,381,382,383,384,385,386,387,388,389,390,391,441,442,443,444,446,447,448,449,451,452,453,454,500,501,502,503,504,505,506,507,508,509,510,511
1,2,3,4,5,6,7,8,9,10,11,12,13,14,15,16,17,18,19,20,21,22,23,24,25,26,27,377,378,379,380,381,382,383,384,385,386,387,388,389,390,391,441,442,443,444,446,447,448,449,451,452,453,454,500,501,502,503,504,505,506,507,508,509,510,511
67,68,69,70,72,73,74,78,79,80,81,82,83,84,193
5,6,7,8,9,14,15,16,17,18,23,24,25,26,27,97,98,99,181,182,183,184,185,186,187,188,189,190,191,192
1,2,3,4,5,6,7,8,9,10,11,12,13,14,15,16,17,18,19,20,21,22,23,24,25,26,27,377,378,379,380,381,382,383,384,385,386,387,388,389,390,391,441,442,443,444,446,447,448,449,451,452,453,454,500,501,502,503,504,505,506,507,508,509,510,511
112,113,114,115,116,117,118,119,120,121,122,123,124,125,126,127,128,129,130,131,132,133,134,135,136,137,138,139,140,141
1,2,3,4,5,6,7,8,9,10,11,12,13,14,15,16,17,18,19,20,21,22,23,24,25,26,27,377,378,379,380,381,382,383,384,385,386,387,388,389,390,391,441,442,443,444,446,447,448,449,451,452,453,454,500,501,502,503,504,505,506,507,508,509,510,511
112,113,114,115,116,117,118,119,120,121,122,123,124,125,126,127,128,129,130,131,132,133,134,135,136,137,138,139,140,141
112,113,114,115,116,117,118,119,120,121,122,123,124,125,126,127,128,129,130,131,132,133,134,135,136,137,138,139,140,141
5,6,7,8,9,14,15,16,17,18,23,24,25,26,27,181,182,183,184,185,186,187,188,189,190,191,192,377,378,379,380,381,382,383,384,385,386,387,388,389,390,391,441,442,443,444,446,447,448,449,451,452,453,454,500,501,502,503,504,505,506,507,508,509,510,511
194,195,196,197,198,199,200,201,202,203,204,205,206,207,208,209,210,211,212,213,214,215,216,217,218,219,220,221,222,223
82,83,84,100,101,102,103,104,105,106,107,108,109,110,111,285,287,289,332,333,334,335,336,337,338,339,340,341,342,343
112,113,114,115,116,117,118,119,120,121,122,123,124,125,126,127,128,129,130,131,132,133,134,135,136,137,138,139,140,141
67,68,69,70,72,73,74,82,83,84,85,86,87,88,193
67,68,69,70,72,73,74,78,79,80,81
116,117,118,119,120,122,123,124,125,126,128,129,130,131,132,356,357,358,359,360,361,362,363,364,365,366,367,368,369,370,371,372,373,374,375,376
197,198,199,200,201,202,203,204,205,206,207,208,209,210,211,212,213,214,215,216,217,218,219,220,221,222,223
116,117,118,119,120,122,123,124,125,126,128,129,130,131,132,356,357,358,359,360,361,362,363,364,365,366,367,368,369,370,371,372,373,374,375,376
100,101,102,103,104,105,106,107,108,109,110,111,284,285,286,287,288,289,290,291,292,293,294,295,296,297,298
100,101,102,103,104,105,106,107,108,109,110,111,285,287,289,332,333,334,335,336,337,338,339,340,341,342,343
71,75,76,77
194,195,196,197,198,199,200,201,202,203,204,205,206,207,208,209,210,211,212,213,214,215,216,217,218,219,220,221,222,223
197,198,199,200,201,202,203,204,205,206,207,208,209,210,211,212,213,214,215,216,217,218,219,220,221,222,223
67,68,69,70,72,73,74,82,83,84,85,86,87,88,193
100,101,102,103,104,105,106,107,108,109,110,111,285,287,289,332,333,334,335,336,337,338,339,340,341,342,343
1,2,3,4,5,6,7,8,9,10,11,12,13,14,15,16,17,18,19,20,21,22,23,24,25,26,27
197,198,199,200,201,202,203,204,205,206,207,208,209,210,211,212,213,214,215,216,217,218,219,220,221,222,223
116,117,118,119,120,122,123,124,125,126,128,129,130,131,132,356,357,358,359,360,361,362,363,364,365,366,367,368,369,370,371,372,373,374,375,376
5,6,7,8,9,14,15,16,17,18,23,24,25,26,27,181,182,183,184,185,186,187,188,189,190,191,192,377,378,379,380,381,382,383,384,385,386,387,388,389,390,391,441,442,443,444,446,447,448,449,451,452,453,454,500,501,502,503,504,505,506,507,508,509,510,511
82,83,84,100,101,102,103,104,105,106,107,108,109,110,111,285,287,289,332,333,334,335,336,337,338,339,340,341,342,343
67,68,69,70,72,73,74,82,83,84,89,90,91,92,193
5,6,7,8,9,14,15,16,17,18,23,24,25,26,27,181,182,183,184,185,186,187,188,189,190,191,192,377,378,379,380,381,382,383,384,385,386,387,388,389,390,391,441,442,443,444,446,447,448,449,451,452,453,454,500,501,502,503,504,505,506,507,508,509,510,511
112,113,114,115,116,117,118,119,120,121,122,123,124,125,126,127,128,129,130,131,132,133,134,135,136,137,138,139,140,141
82,83,84,100,101,102,103,104,105,106,107,108,109,110,111,284,285,286,287,288,289,290,291,292,293,294,295,296,297,298
67,68,69,70,71,72,73,74,75,76,77,82,83,84,193
197,198,199,200,201,202,203,204,205,206,207,208,209,210,211,212,213,214,215,216,217,218,219,220,221,222,223
0
5,6,7,8,9,14,15,16,17,18,23,24,25,26,27,263,264,265,266,267,268,269,270,271,272,273,274,275,276,277,278,279,280,281,282,283,377,378,379,380,381,382,383,384,385,386,387,388,389,390,391,441,442,443,444,446,447,448,449,451,452,453,454,500,501,502,503,504,505,506,507,508,509,510,511
5,6,7,8,9,14,15,16,17,18,23,24,25,26,27,263,264,265,266,267,268,269,270,271,272,273,274,275,276,277,278,279,280,281,282,283,377,378,379,380,381,382,383,384,385,386,387,388,389,390,391,441,442,443,444,446,447,448,449,451,452,453,454,500,501,502,503,504,505,506,507,508,509,510,511
5,6,7,8,9,14,15,16,17,18,23,24,25,26,27,377,378,379,380,381,382,383,384,385,386,387,388,389,390,391,441,442,443,444,446,447,448,449,451,452,453,454,500,501,502,503,504,505,506,507,508,509,510,511,512,513,514,515,516,517,518,519,520,521,522,523
67,68,69,70,71,72,73,74,75,76,77
5,6,7,8,9,14,15,16,17,18,23,24,25,26,27,181,182,183,184,185,186,187,188,189,190,191,192,224,225,226,228,229,230,231,232,233,234,235,237,238,239,240,241,242,243,244,246,247,248,249,250,251,252,253,428,429,430,431,432,433,434,435,436,437,438,439
67,68,69,70,71,72,73,74,75,76,77,82,83,84
82,83,84,100,101,102,103,104,105,106,107,108,109,110,111,285,287,289,332,333,334,335,336,337,338,339,340,341,342,343
194,195,196,197,198,199,200,201,202,203,204,205,206,207,208,209,210,211,212,213,214,215,216,217,218,219,220,221,222,223
5,6,7,8,9,14,15,16,17,18,23,24,25,26,27,181,182,183,184,185,186,187,188,189,190,191,192,377,378,379,380,381,382,383,384,385,386,387,388,389,390,391,440,441,442,443,444,445,446,447,448,449,450,451,452,453,454,455,456,457,458,459,460,461,462,463
5,6,7,8,9,14,15,16,17,18,23,24,25,26,27,181,182,183,184,185,186,187,188,189,190,191,192,377,378,379,380,381,382,383,384,385,386,387,388,389,390,391,440,441,442,443,444,445,446,447,448,449,450,451,452,453,454,455,456,457,458,459,460,461,462,463
116,117,118,119,120,122,123,124,125,126,128,129,130,131,132,356,357,358,359,360,361,362,363,364,365,366,367,368,369,370,371,372,373,374,375,376
1,2,3,4,5,6,7,8,9,10,11,12,13,14,15,16,17,18,19,20,21,22,23,24,25,26,27,377,378,379,380,381,382,383,384,385,386,387,388,389,390,391,440,441,442,443,444,445,446,447,448,449,450,451,452,453,454,455,456,457,458,459,460,461,462,463
67,68,69,70,72,73,74,89,90,91,92,193
0
100,101,102,103,104,105,106,107,108,109,110,111,285,287,289,344,345,346,347,348,349,350,351,352,353,354,355
67,68,69,70,72,73,74,89,90,91,92,193
100,101,102,103,104,105,106,107,108,109,110,111,285,287,289,344,345,346,347,348,349,350,351,352,353,354,355
67,68,69,70
100,101,102,103,104,105,106,107,108,109,110,111,285,287,289,344,345,346,347,348,349,350,351,352,353,354,355
5,6,7,8,9,14,15,16,17,18,23,24,25,26,27,181,182,183,184,185,186,187,188,189,190,191,192,377,378,379,380,381,382,383,384,385,386,387,388,389,390,391,440,441,442,443,444,445,446,447,448,449,450,451,452,453,454,455,456,457,458,459,460,461,462,463
5,6,7,8,9,14,15,16,17,18,23,24,25,26,27,181,182,183,184,185,186,187,188,189,190,191,192,377,378,379,380,381,382,383,384,385,386,387,388,389,390,391,440,441,442,443,444,445,446,447,448,449,450,451,452,453,454,455,456,457,458,459,460,461,462,463
100,101,102,103,104,105,106,107,108,109,110,111,285,287,289,344,345,346,347,348,349,350,351,352,353,354,355
67,68,69,70,72,73,74,89,90,91,92,193
1,2,3,4,5,6,7,8,9,10,11,12,13,14,15,16,17,18,19,20,21,22,23,24,25,26,27,377,378,379,380,381,382,383,384,385,386,387,388,389,390,391,440,441,442,443,444,445,446,447,448,449,450,451,452,453,454,455,456,457,458,459,460,461,462,463
1,2,3,4,5,6,7,8,9,10,11,12,13,14,15,16,17,18,19,20,21,22,23,24,25,26,27,377,378,379,380,381,382,383,384,385,386,387,388,389,390,391,440,441,442,443,444,445,446,447,448,449,450,451,452,453,454,455,456,457,458,459,460,461,462,463
100,101,102,103,104,105,106,107,108,109,110,111,285,287,289,344,345,346,347,348,349,350,351,352,353,354,355
100,101,102,103,104,105,106,107,108,109,110,111,285,287,289,344,345,346,347,348,349,350,351,352,353,354,355
100,101,102,103,104,105,106,107,108,109,110,111,285,287,289,344,345,346,347,348,349,350,351,352,353,354,355
100,101,102,103,104,105,106,107,108,109,110,111,285,287,289,344,345,346,347,348,349,350,351,352,353,354,355
194,195,196,197,198,199,200,201,202,203,204,205,206,207,208,209,210,211,212,213,214,215,216,217,218,219,220,221,222,223
224,225,226,228,229,230,231,232,233,234,235,237,238,239,240,241,242,243,244,246,247,248,249,250,251,252,253,395,396,397,407,408,409,410,411,412,413,414,415
100,101,102,103,104,105,106,107,108,109,110,111,285,287,289,344,345,346,347,348,349,350,351,352,353,354,355
1,2,3,4,5,6,7,8,9,10,11,12,13,14,15,16,17,18,19,20,21,22,23,24,25,26,27,224,225,226,228,229,230,231,232,233,234,235,237,238,239,240,241,242,243,244,246,247,248,249,250,251,252,253,524,525,526,527,528,529,530,531,532,533,534,535
197,198,199,200,201,202,203,204,205,206,207,208,209,210,211,212,213,214,215,216,217,218,219,220,221,222,223
1,2,3,4,5,6,7,8,9,10,11,12,13,14,15,16,17,18,19,20,21,22,23,24,25,26,27,377,378,379,380,381,382,383,384,385,386,387,388,389,390,391,440,441,442,443,444,445,446,447,448,449,450,451,452,453,454,455,456,457,458,459,460,461,462,463
67,68,69,70,71,72,73,74,75,76,77,193
67,68,69,70,72,73,74,78,79,80,81,193
100,101,102,103,104,105,106,107,108,109,110,111,285,287,289,344,345,346,347,348,349,350,351,352,353,354,355
67,68,69,70,72,73,74,78,79,80,81,193
5,6,7,8,9,14,15,16,17,18,23,24,25,26,27,181,182,183,184,185,186,187,188,189,190,191,192,377,378,379,380,381,382,383,384,385,386,387,388,389,390,391,440,441,442,443,444,445,446,447,448,449,450,451,452,453,454,455,456,457,458,459,460,461,462,463
67,68,69,70,72,73,74,85,86,87,88,193
5,6,7,8,9,14,15,16,17,18,23,24,25,26,27,181,182,183,184,185,186,187,188,189,190,191,192,377,378,379,380,381,382,383,384,385,386,387,388,389,390,391,440,441,442,443,444,445,446,447,448,449,450,451,452,453,454,455,456,457,458,459,460,461,462,463
67,68,69,70,72,73,74,78,79,80,81,82,83,84,193
67,68,69,70,72,73,74,82,83,84,89,90,91,92,193
5,6,7,8,9,14,15,16,17,18,23,24,25,26,27,181,182,183,184,185,186,187,188,189,190,191,192,377,378,379,380,381,382,383,384,385,386,387,388,389,390,391,440,441,442,443,444,445,446,447,448,449,450,451,452,453,454,455,456,457,458,459,460,461,462,463
5,6,7,8,9,14,15,16,17,18,23,24,25,26,27,181,182,183,184,185,186,187,188,189,190,191,192,377,378,379,380,381,382,383,384,385,386,387,388,389,390,391,440,441,442,443,444,445,446,447,448,449,450,451,452,453,454,455,456,457,458,459,460,461,462,463
67,68,69,70
100,101,102,103,104,105,106,107,108,109,110,111,285,287,289,344,345,346,347,348,349,350,351,352,353,354,355
67,68,69,70,72,73,74,85,86,87,88,193
67,68,69,70,71,72,73,74,75,76,77,193
5,6,7,8,9,14,15,16,17,18,23,24,25,26,27,181,182,183,184,185,186,187,188,189,190,191,192,224,225,226,228,229,230,231,232,233,234,235,237,238,239,240,241,242,243,244,246,247,248,249,250,251,252,253,536,537,538,539,540,541,542,543,544,545,546,547
1,2,3,4,5,6,7,8,9,10,11,12,13,14,15,16,17,18,19,20,21,22,23,24,25,26,27,377,378,379,380,381,382,383,384,385,386,387,388,389,390,391,440,441,442,443,444,445,446,447,448,449,450,451,452,453,454,455,456,457,458,459,460,461,462,463
5,6,7,8,14,15,16,17,23,24,25,26,224,225,226,228,229,230,231,237,238,239,240,246,247,248,249
5,6,7,8,9,14,15,16,17,18,23,24,25,26,27,263,264,265,266,267,268,269,270,271,272,273,274,275,276,277,278,279,280,281,282,283,377,378,379,380,381,382,383,384,385,386,387,388,389,390,391,440,441,442,443,444,445,446,447,448,449,450,451,452,453,454,455,456,457,458,459,460,461,462,463
67,68,69,70,82,83,84
194,195,196,198,199,200,201,204,205,206,207,210,211,212,213
194,195,196,198,199,200,201,204,205,206,207,210,211,212,213
5,6,7,8,14,15,16,17,23,24,25,26,97,98,99
82,83,84,100,101,102,103,104,105,106,107,108,109,110,111,285,287,289,332,333,334,335,336,337,338,339,340,341,342,343
67,68,69,70,72,73,74,82,83,84,93,94,95,96,193
5,6,7,8,23,24,25,26,224,225,226,228,229,230,231,237,238,239,240,246,247,248,249
224,225,226,228,229,230,231,235,237,238,239,240,244,246,247,248,249,253,524,525,526,527,528,529,530,531,532,533,534,535
5,6,7,8,9,14,15,16,17,18,23,24,25,26,27,181,182,183,184,185,186,187,188,189,190,191,192,224,225,226,228,229,230,231,232,233,234,235,237,238,239,240,241,242,243,244,246,247,248,249,250,251,252,253,428,429,430,431,432,433,434,435,436,437,438,439
67,68,69,70,72,73,74,78,79,80,81,193
100,101,102,103,104,105,106,107,108,109,110,111,285,287,289,332,333,334,335,336,337,338,339,340,341,342,343
67,68,69,70,72,73,74,78,79,80,81,193
5,6,7,8,9,14,15,16,17,18,23,24,25,26,27,377,378,379,380,381,382,383,384,385,386,387,388,389,390,391,440,441,442,443,444,445,446,447,448,449,450,451,452,453,454,455,456,457,458,459,460,461,462,463,512,513,514,515,516,517,518,519,520,521,522,523
197,198,199,200,201,202,203,204,205,206,207,208,209,210,211,212,213,214,215,216,217,218,219,220,221,222,223
67,68,69,70,72,73,74,85,86,87,88,193
67,68,69,70,72,73,74,93,94,95,96,193
100,101,102,103,104,105,106,107,108,109,110,111,285,287,289,332,333,334,335,336,337,338,339,340,341,342,343
67,68,69,70,72,73,74,93,94,95,96,193
100,101,102,103,104,105,106,107,108,109,110,111,285,287,289,332,333,334,335,336,337,338,339,340,341,342,343
67,68,69,70,72,73,74,93,94,95,96,193
100,101,102,103,104,105,106,107,108,109,110,111,285,287,289,332,333,334,335,336,337,338,339,340,341,342,343
93,94,95,96
67,68,69,70,72,73,74,78,79,80,81,193
5,6,7,8,9,14,15,16,17,18,23,24,25,26,27,181,182,183,184,185,186,187,188,189,190,191,192
67,68,69,70,72,73,74,78,79,80,81,193
67,68,69,70,72,73,74,93,94,95,96,193
198,199,200,201,202,204,205,206,207,208,210,211,212,213,214,392,393,394,398,399,400,401,402,403,404,405,406
67,68,69,70,72,73,74,89,90,91,92,193
5,6,7,8,9,14,15,16,17,18,23,24,25,26,27,181,182,183,184,185,186,187,188,189,190,191,192
100,101,102,103,104,105,106,107,108,109,110,111,285,287,289,332,333,334,335,336,337,338,339,340,341,342,343
93,94,95,96
93,94,95,96
100,101,102,103,104,105,106,107,108,109,110,111,285,287,289,332,333,334,335,336,337,338,339,340,341,342,343
1,2,3,4,5,6,7,8,9,10,11,12,13,14,15,16,17,18,19,20,21,22,23,24,25,26,27
5,6,7,8,9,14,15,16,17,18,23,24,25,26,27,263,264,265,266,267,268,269,270,271,272,273,274,275,276,277,278,279,280,281,282,283
5,6,7,8,9,14,15,16,17,18,23,24,25,26,27,181,182,183,184,185,186,187,188,189,190,191,192
1,2,3,4,5,6,7,8,9,10,11,12,13,14,15,16,17,18,19,20,21,22,23,24,25,26,27,224,225,226,227,228,229,230,231,232,233,234,235,236,237,238,239,240,241,242,243,244,245,246,247,248,249,250,251,252,253,254,255,256,257,258,259,260,261,262
1,2,3,4,5,6,7,8,9,10,11,12,13,14,15,16,17,18,19,20,21,22,23,24,25,26,27
93,94,95,96
5,6,7,8,9,14,15,16,17,18,23,24,25,26,27,263,264,265,266,267,268,269,270,271,272,273,274,275,276,277,278,279,280,281,282,283
5,6,7,8,9,14,15,16,17,18,23,24,25,26,27,263,264,265,266,267,268,269,270,271,272,273,274,275,276,277,278,279,280,281,282,283
67,68,69,70,72,73,74,89,90,91,92,193
5,6,7,8,9,14,15,16,17,18,23,24,25,26,27,181,182,183,184,185,186,187,188,189,190,191,192,377,378,379,380,381,382,383,384,385,386,387,388,389,390,391,441,442,443,444,446,447,448,449,451,452,453,454,500,501,502,503,504,505,506,507,508,509,510,511
197,198,199,200,201,202,203,204,205,206,207,208,209,210,211,212,213,214,215,216,217,218,219,220,221,222,223
198,199,200,201,202,204,205,206,207,208,210,211,212,213,214,392,393,394,398,399,400,401,402,403,404,405,406
5,6,7,8,9,14,15,16,17,18,23,24,25,26,27,181,182,183,184,185,186,187,188,189,190,191,192
67,68,69,70
5,6,7,8,14,15,16,17,23,24,25,26
5,6,7,8,14,15,16,17,23,24,25,26
5,6,7,8,14,15,16,17,23,24,25,26,224,225,226,228,229,230,231,237,238,239,240,246,247,248,249
67,68,69,70
100,101,102,103,104,105,106,107,108,109,110,111
198,199,200,201,204,205,206,207,210,211,212,213
5,6,7,8,14,15,16,17,23,24,25,26,97,98,99
224,225,226,228,229,230,231,237,238,239,240,246,247,248,249
112,113,114,116,117,118,119,122,123,124,125,128,129,130,131
5,6,7,8,9,14,15,16,17,18,23,24,25,26,27,97,98,99,512,513,514,515,516,517,518,519,520,521,522,523
5,6,7,8,14,15,16,17,23,24,25,26,97,98,99
5,6,7,8,14,15,16,17,23,24,25,26,224,225,226,228,229,230,231,237,238,239,240,246,247,248,249
67,68,69,70,72,73,74,78,79,80,81,82,83,84,193
5,6,7,8,14,15,16,17,23,24,25,26,97,98,99
82,83,84,100,101,102,103,104,105,106,107,108,109,110,111
224,225,226,228,229,230,231,237,238,239,240,246,247,248,249
5,6,7,8,14,15,16,17,23,24,25,26,97,98,99
5,6,7,8,14,15,16,17,23,24,25,26,224,225,226,228,229,230,231,237,238,239,240,246,247,248,249
5,6,7,8,14,15,16,17,23,24,25,26
5,6,7,8,14,15,16,17,23,24,25,26
198,199,200,201,204,205,206,207,210,211,212,213
5,6,7,8,14,15,16,17,23,24,25,26,377,378,379,380,381,382,383,384,385,386,387,388,389,390,391
100,101,102,103,104,105,106,107,108,109,110,111,285,287,289,344,345,346,347,348,349,350,351,352,353,354,355
67,68,69,70,72,73,74,93,94,95,96
67,68,69,70
67,68,69,70,72,73,74,89,90,91,92
67,68,69,70
67,68,69,70,72,73,74,89,90,91,92
67,68,69,70,72,73,74,89,90,91,92
0
1,2,3,4,5,6,7,8,9,10,11,12,13,14,15,16,17,18,19,20,21,22,23,24,25,26,27,224,225,226,228,229,230,231,232,233,234,235,237,238,239,240,241,242,243,244,246,247,248,249,250,251,252,253,524,525,526,527,528,529,530,531,532,533,534,535
0
67,68,69,70,71,72,73,74,75,76,77
67,68,69,70,72,73,74,85,86,87,88
67,68,69,70,72,73,74,93,94,95,96
67,68,69,70,72,73,74,93,94,95,96
67,68,69,70,72,73,74,93,94,95,96
67,68,69,70,72,73,74,93,94,95,96
0
0
0
0
0
67,68,69,70,82,83,84
67,68,69,70,72,73,74,93,94,95,96
67,68,69,70,82,83,84
67,68,69,70,72,73,74,93,94,95,96
0
28,29,30,32,33,34,35,41,42,43,44,50,51,52,53
5,6,7,8,14,15,16,17,23,24,25,26
67,68,69,70,82,83,84
194,195,196,197,198,199,200,201,202,203,204,205,206,207,208,209,210,211,212,213,214,215,216,217,218,219,220,221,222,223
0
0
194,195,196,197,198,199,200,201,202,203,204,205,206,207,208,209,210,211,212,213,214,215,216,217,218,219,220,221,222,223
67,68,69,70,71,72,73,74,75,76,77,82,83,84
0
67,68,69,70,82,83,84
67,68,69,70,82,83,84
0
67,68,69,70,82,83,84
0
67,68,69,70,82,83,84
82,83,84,100,101,102,103,104,105,106,107,108,109,110,111
224,225,226,228,229,230,231,237,238,239,240,246,247,248,249
82,83,84,100,101,102,103,104,105,106,107,108,109,110,111
82,83,84,100,101,102,103,104,105,106,107,108,109,110,111
67,68,69,70,82,83,84
67,68,69,70,82,83,84
5,6,7,8,14,15,16,17,23,24,25,26,377,378,379,380,381,382,383,384,385,386,387,388,389,390,391
67,68,69,70,82,83,84
5,6,7,8,14,15,16,17,23,24,25,26,377,378,379,380,381,382,383,384,385,386,387,388,389,390,391
67,68,69,70,82,83,84
5,6,7,8,14,15,16,17,23,24,25,26,377,378,379,380,381,382,383,384,385,386,387,388,389,390,391
194,195,196,198,199,200,201,204,205,206,207,210,211,212,213
5,6,7,8,14,15,16,17,23,24,25,26,377,378,379,380,381,382,383,384,385,386,387,388,389,390,391
194,195,196,198,199,200,201,204,205,206,207,210,211,212,213
112,113,114,116,117,118,119,122,123,124,125,128,129,130,131
67,68,69,70,82,83,84
67,68,69,70,82,83,84
82,83,84,100,101,102,103,104,105,106,107,108,109,110,111
5,6,7,8,14,15,16,17,23,24,25,26,377,378,379,380,381,382,383,384,385,386,387,388,389,390,391
194,195,196,198,199,200,201,204,205,206,207,210,211,212,213
224,225,226,228,229,230,231,237,238,239,240,246,247,248,249
82,83,84,100,101,102,103,104,105,106,107,108,109,110,111
82,83,84,100,101,102,103,104,105,106,107,108,109,110,111
194,195,196,198,199,200,201,204,205,206,207,210,211,212,213
82,83,84,100,101,102,103,104,105,106,107,108,109,110,111
194,195,196,198,199,200,201,204,205,206,207,210,211,212,213
67,68,69,70,82,83,84
82,83,84,100,101,102,103,104,105,106,107,108,109,110,111
82,83,84,100,101,102,103,104,105,106,107,108,109,110,111
82,83,84,100,101,102,103,104,105,106,107,108,109,110,111
194,195,196,198,199,200,201,204,205,206,207,210,211,212,213
194,195,196,198,199,200,201,204,205,206,207,210,211,212,213
67,68,69,70,82,83,84
224,225,226,228,229,230,231,237,238,239,240,246,247,248,249
194,195,196,198,199,200,201,204,205,206,207,210,211,212,213
82,83,84,100,101,102,103,104,105,106,107,108,109,110,111
82,83,84,100,101,102,103,104,105,106,107,108,109,110,111
1,2,3,4,5,6,7,8,9,10,11,12,13,14,15,16,17,18,19,20,21,22,23,24,25,26,27,97,98,99
1,2,3,4,5,6,7,8,9,10,11,12,13,14,15,16,17,18,19,20,21,22,23,24,25,26,27,97,98,99
82,83,84,100,101,102,103,104,105,106,107,108,109,110,111,285,287,289,332,333,334,335,336,337,338,339,340,341,342,343
194,195,196,197,198,199,200,201,202,203,204,205,206,207,208,209,210,211,212,213,214,215,216,217,218,219,220,221,222,223
82,83,84,100,101,102,103,104,105,106,107,108,109,110,111
5,6,7,8,14,15,16,17,23,24,25,26,224,225,226,228,229,230,231,237,238,239,240,246,247,248,249
82,83,84,100,101,102,103,104,105,106,107,108,109,110,111
194,195,196,198,199,200,201,204,205,206,207,210,211,212,213
194,195,196,198,199,200,201,204,205,206,207,210,211,212,213
67,68,69,70,82,83,84
82,83,84,100,101,102,103,104,105,106,107,108,109,110,111
82,83,84,100,101,102,103,104,105,106,107,108,109,110,111
67,68,69,70,72,73,74,82,83,84,89,90,91,92,193
112,113,114,116,117,118,119,122,123,124,125,128,129,130,131
82,83,84,100,101,102,103,104,105,106,107,108,109,110,111
82,83,84,100,101,102,103,104,105,106,107,108,109,110,111
5,6,7,8,14,15,16,17,23,24,25,26,224,225,226,228,229,230,231,237,238,239,240,246,247,248,249
82,83,84,100,101,102,103,104,105,106,107,108,109,110,111
67,68,69,70
112,113,114,116,117,118,119,122,123,124,125,128,129,130,131
0
194,195,196,198,199,200,201,204,205,206,207,210,211,212,213
112,113,114,116,117,118,119,122,123,124,125,128,129,130,131
5,6,7,8,9,14,15,16,17,18,23,24,25,26,27,181,182,183,184,185,186,187,188,189,190,191,192,224,225,226,228,229,230,231,232,233,234,235,237,238,239,240,241,242,243,244,246,247,248,249,250,251,252,253,536,537,538,539,540,541,542,543,544,545,546,547
82,83,84,100,101,102,103,104,105,106,107,108,109,110,111,285,287,289,332,333,334,335,336,337,338,339,340,341,342,343
82,83,84,100,101,102,103,104,105,106,107,108,109,110,111
82,83,84,100,101,102,103,104,105,106,107,108,109,110,111
67,68,69,70,72,73,74,78,79,80,81,82,83,84,193
194,195,196,198,199,200,201,204,205,206,207,210,211,212,213
194,195,196,198,199,200,201,204,205,206,207,210,211,212,213
67,68,69,70,72,73,74,82,83,84,89,90,91,92
194,195,196,198,199,200,201,204,205,206,207,210,211,212,213
194,195,196,198,199,200,201,202,204,205,206,207,208,210,211,212,213,214,392,393,394,398,399,400,401,402,403,404,405,406
194,195,196,198,199,200,201,202,204,205,206,207,208,210,211,212,213,214,392,393,394,398,399,400,401,402,403,404,405,406
194,195,196,198,199,200,201,202,204,205,206,207,208,210,211,212,213,214,392,393,394,398,399,400,401,402,403,404,405,406
194,195,196,198,199,200,201,202,204,205,206,207,208,210,211,212,213,214,392,393,394,398,399,400,401,402,403,404,405,406
194,195,196,198,199,200,201,202,204,205,206,207,208,210,211,212,213,214,392,393,394,398,399,400,401,402,403,404,405,406
194,195,196,198,199,200,201,202,204,205,206,207,208,210,211,212,213,214,392,393,394,398,399,400,401,402,403,404,405,406
194,195,196,198,199,200,201,202,204,205,206,207,208,210,211,212,213,214,392,393,394,398,399,400,401,402,403,404,405,406
194,195,196,198,199,200,201,204,205,206,207,210,211,212,213
1,2,3,4,5,6,7,8,9,10,11,12,13,14,15,16,17,18,19,20,21,22,23,24,25,26,27,97,98,99
82,83,84,100,101,102,103,104,105,106,107,108,109,110,111
82,83,84,100,101,102,103,104,105,106,107,108,109,110,111
82,83,84,100,101,102,103,104,105,106,107,108,109,110,111
82,83,84,100,101,102,103,104,105,106,107,108,109,110,111
194,195,196,198,199,200,201,204,205,206,207,210,211,212,213
5,6,7,8,14,15,16,17,23,24,25,26
194,195,196,198,199,200,201,204,205,206,207,210,211,212,213
194,195,196,197,198,199,200,201,202,203,204,205,206,207,208,209,210,211,212,213,214,215,216,217,218,219,220,221,222,223
67,68,69,70,72,73,74,82,83,84,85,86,87,88,193
194,195,196,197,198,199,200,201,202,203,204,205,206,207,208,209,210,211,212,213,214,215,216,217,218,219,220,221,222,223
82,83,84,100,101,102,103,104,105,106,107,108,109,110,111
5,6,7,8,14,15,16,17,23,24,25,26,97,98,99
112,113,114,116,117,118,119,122,123,124,125,128,129,130,131
112,113,114,116,117,118,119,122,123,124,125,128,129,130,131
67,68,69,70,82,83,84
67,68,69,70,72,73,74,82,83,84,93,94,95,96,193
67,68,69,70
82,83,84,100,101,102,103,104,105,106,107,108,109,110,111
5,6,7,8,14,15,16,17,23,24,25,26,224,225,226,228,229,230,231,237,238,239,240,246,247,248,249
1,2,3,4,5,6,7,8,9,10,11,12,13,14,15,16,17,18,19,20,21,22,23,24,25,26,27,224,225,226,228,229,230,231,232,233,234,235,237,238,239,240,241,242,243,244,246,247,248,249,250,251,252,253,536,537,538,539,540,541,542,543,544,545,546,547
1,2,3,4,5,6,7,8,9,10,11,12,13,14,15,16,17,18,19,20,21,22,23,24,25,26,27,97,98,99
194,195,196,197,198,199,200,201,202,203,204,205,206,207,208,209,210,211,212,213,214,215,216,217,218,219,220,221,222,223
5,6,7,8,9,14,15,16,17,18,23,24,25,26,27,224,225,226,228,229,230,231,232,233,234,235,237,238,239,240,241,242,243,244,246,247,248,249,250,251,252,253,263,264,265,266,267,268,269,270,271,272,273,274,275,276,277,278,279,280,281,282,283,395,396,397,407,408,409,410,411,412,413,414,415
0
100,101,102,103,104,105,106,107,108,109,110,111,284,285,286,287,288,289,290,291,292,293,294,295,296,297,298
100,101,102,103,104,105,106,107,108,109,110,111,285,287,289,344,345,346,347,348,349,350,351,352,353,354,355
100,101,102,103,104,105,106,107,108,109,110,111,284,285,286,287,288,289,290,291,292,293,294,295,296,297,298
71,75,76,77
67,68,69,70,72,73,74,89,90,91,92,193
198,199,200,201,202,204,205,206,207,208,210,211,212,213,214,392,393,394,398,399,400,401,402,403,404,405,406
93,94,95,96
67,68,69,70,72,73,74,78,79,80,81,193
197,198,199,200,201,202,203,204,205,206,207,208,209,210,211,212,213,214,215,216,217,218,219,220,221,222,223
100,101,102,103,104,105,106,107,108,109,110,111,284,285,286,287,288,289,290,291,292,293,294,295,296,297,298
5,6,7,8,9,14,15,16,17,18,23,24,25,26,27,181,182,183,184,185,186,187,188,189,190,191,192
198,199,200,201,202,204,205,206,207,208,210,211,212,213,214,299,300,301,302,303,304,305,306,307,308,309,310,314,315,316,317,318,319,320,321,322
67,68,69,70,72,73,74,78,79,80,81,193
198,199,200,201,202,204,205,206,207,208,210,211,212,213,214,299,300,301,302,303,304,305,306,307,308,309,310,314,315,316,317,318,319,320,321,322
100,101,102,103,104,105,106,107,108,109,110,111,285,287,289,344,345,346,347,348,349,350,351,352,353,354,355
67,68,69,70,72,73,74,93,94,95,96,193
198,199,200,201,202,204,205,206,207,208,210,211,212,213,214,548,549,550,551,552,553,554,555,556,557,558,559
93,94,95,96
100,101,102,103,104,105,106,107,108,109,110,111,284,285,286,287,288,289,290,291,292,293,294,295,296,297,298
1,2,3,4,5,6,7,8,9,10,11,12,13,14,15,16,17,18,19,20,21,22,23,24,25,26,27
198,199,200,201,202,204,205,206,207,208,210,211,212,213,214,548,549,550,551,552,553,554,555,556,557,558,559
197,198,199,200,201,202,203,204,205,206,207,208,209,210,211,212,213,214,215,216,217,218,219,220,221,222,223
1,2,3,4,5,6,7,8,9,10,11,12,13,14,15,16,17,18,19,20,21,22,23,24,25,26,27
1,2,3,4,5,6,7,8,9,10,11,12,13,14,15,16,17,18,19,20,21,22,23,24,25,26,27
93,94,95,96
100,101,102,103,104,105,106,107,108,109,110,111,284,285,286,287,288,289,290,291,292,293,294,295,296,297,298
100,101,102,103,104,105,106,107,108,109,110,111,284,285,286,287,288,289,290,291,292,293,294,295,296,297,298
67,68,69,70,72,73,74,85,86,87,88,193
198,199,200,201,202,204,205,206,207,208,210,211,212,213,214,299,300,301,302,303,304,305,306,307,308,309,310,314,315,316,317,318,319,320,321,322
1,2,3,4,5,6,7,8,9,10,11,12,13,14,15,16,17,18,19,20,21,22,23,24,25,26,27
100,101,102,103,104,105,106,107,108,109,110,111,284,285,286,287,288,289,290,291,292,293,294,295,296,297,298
93,94,95,96
100,101,102,103,104,105,106,107,108,109,110,111,284,285,286,287,288,289,290,291,292,293,294,295,296,297,298
198,199,200,201,202,204,205,206,207,208,210,211,212,213,214,548,549,550,551,552,553,554,555,556,557,558,559
28,29,30,31,32,33,34,35,39,40,41,42,43,44,48,49,50,51,52,53,57,58,59,60,61,62,63,64,65,66
100,101,102,103,104,105,106,107,108,109,110,111,284,285,286,287,288,289,290,291,292,293,294,295,296,297,298
1,2,3,4,5,6,7,8,9,10,11,12,13,14,15,16,17,18,19,20,21,22,23,24,25,26,27
145,146,147,148,149,150,151,152,153,154,155,156,157,158,159,160,161,162,163,164,165,166,167,168,169,170,171,172,173,174,175,176,177,178,179,180
67,68,69,70,71,72,73,74,75,76,77,193
67,68,69,70
67,68,69,70
67,68,69,70
100,101,102,103,104,105,106,107,108,109,110,111
67,68,69,70
67,68,69,70
100,101,102,103,104,105,106,107,108,109,110,111
67,68,69,70
67,68,69,70
100,101,102,103,104,105,106,107,108,109,110,111
67,68,69,70
67,68,69,70
198,199,200,201,204,205,206,207,210,211,212,213
67,68,69,70
67,68,69,70
67,68,69,70
67,68,69,70
142,143,144,146,147,148,149,153,155,156,157,158,162,164,165,166,167,171,416,417,418,419,420,421,422,423,424,425,426,427
146,147,148,149,155,156,157,158,164,165,166,167
146,147,148,149,153,155,156,157,158,162,164,165,166,167,171,416,417,418,419,420,421,422,423,424,425,426,427
146,147,148,149,155,156,157,158,164,165,166,167
142,143,144,146,147,148,149,153,155,156,157,158,162,164,165,166,167,171,416,417,418,419,420,421,422,423,424,425,426,427
100,101,102,103,104,105,106,107,108,109,110,111
198,199,200,201,204,205,206,207,210,211,212,213
67,68,69,70
67,68,69,70
0
198,199,200,201,204,205,206,207,210,211,212,213
67,68,69,70
100,101,102,103,104,105,106,107,108,109,110,111
5,6,7,8,14,15,16,17,23,24,25,26
100,101,102,103,104,105,106,107,108,109,110,111
100,101,102,103,104,105,106,107,108,109,110,111
5,6,7,8,14,15,16,17,23,24,25,26
198,199,200,201,204,205,206,207,210,211,212,213
67,68,69,70,72,73,74,89,90,91,92,193
100,101,102,103,104,105,106,107,108,109,110,111,285,287,289,332,333,334,335,336,337,338,339,340,341,342,343
100,101,102,103,104,105,106,107,108,109,110,111,285,287,289,344,345,346,347,348,349,350,351,352,353,354,355
67,68,69,70,72,73,74,93,94,95,96,193
116,117,118,119,120,122,123,124,125,126,128,129,130,131,132,560,561,562,563,564,565,566,567,568,569,570,571
1,2,3,4,5,6,7,8,9,10,11,12,13,14,15,16,17,18,19,20,21,22,23,24,25,26,27
5,6,7,8,9,14,15,16,17,18,23,24,25,26,27,263,264,265,266,267,268,269,270,271,272,273,274,275,276,277,278,279,280,281,282,283
198,199,200,201,202,204,205,206,207,208,210,211,212,213,214,392,393,394,398,399,400,401,402,403,404,405,406
116,117,118,119,120,122,123,124,125,126,128,129,130,131,132,560,561,562,563,564,565,566,567,568,569,570,571
5,6,7,8,14,15,16,17,23,24,25,26
67,68,69,70
5,6,7,8,14,15,16,17,23,24,25,26
146,147,148,149,155,156,157,158,164,165,166,167
100,101,102,103,104,105,106,107,108,109,110,111
67,68,69,70
67,68,69,70
100,101,102,103,104,105,106,107,108,109,110,111,284,285,286,287,288,289,290,291,292,293,294,295,296,297,298
198,199,200,201,202,204,205,206,207,208,210,211,212,213,214,392,393,394,398,399,400,401,402,403,404,405,406
67,68,69,70
198,199,200,201,204,205,206,207,210,211,212,213
67,68,69,70,72,73,74,89,90,91,92,193
100,101,102,103,104,105,106,107,108,109,110,111
67,68,69,70,72,73,74,85,86,87,88,193
67,68,69,70
93,94,95,96
67,68,69,70,72,73,74,85,86,87,88,193
67,68,69,70
198,199,200,201,204,205,206,207,210,211,212,213
100,101,102,103,104,105,106,107,108,109,110,111
100,101,102,103,104,105,106,107,108,109,110,111
100,101,102,103,104,105,106,107,108,109,110,111
82,83,84,100,101,102,103,104,105,106,107,108,109,110,111
198,199,200,201,204,205,206,207,210,211,212,213
100,101,102,103,104,105,106,107,108,109,110,111
67,68,69,70
194,195,196,198,199,200,201,204,205,206,207,210,211,212,213
198,199,200,201,204,205,206,207,210,211,212,213
82,83,84,100,101,102,103,104,105,106,107,108,109,110,111
198,199,200,201,204,205,206,207,210,211,212,213
194,195,196,198,199,200,201,204,205,206,207,210,211,212,213
116,117,118,119,122,123,124,125,128,129,130,131
116,117,118,119,122,123,124,125,128,129,130,131
112,113,114,116,117,118,119,122,123,124,125,128,129,130,131
198,199,200,201,204,205,206,207,210,211,212,213
100,101,102,103,104,105,106,107,108,109,110,111
0
100,101,102,103,104,105,106,107,108,109,110,111
100,101,102,103,104,105,106,107,108,109,110,111
198,199,200,201,204,205,206,207,210,211,212,213
112,113,114,116,117,118,119,122,123,124,125,128,129,130,131
112,113,114,116,117,118,119,122,123,124,125,128,129,130,131
82,83,84,100,101,102,103,104,105,106,107,108,109,110,111
82,83,84,100,101,102,103,104,105,106,107,108,109,110,111
100,101,102,103,104,105,106,107,108,109,110,111
198,199,200,201,204,205,206,207,210,211,212,213
100,101,102,103,104,105,106,107,108,109,110,111
112,113,114,116,117,118,119,120,122,123,124,125,126,128,129,130,131,132,560,561,562,563,564,565,566,567,568,569,570,571
112,113,114,116,117,118,119,122,123,124,125,128,129,130,131
198,199,200,201,204,205,206,207,210,211,212,213
67,68,69,70,82,83,84
82,83,84,100,101,102,103,104,105,106,107,108,109,110,111
100,101,102,103,104,105,106,107,108,109,110,111
116,117,118,119,122,123,124,125,128,129,130,131
100,101,102,103,104,105,106,107,108,109,110,111
100,101,102,103,104,105,106,107,108,109,110,111
67,68,69,70,82,83,84
5,6,7,8,14,15,16,17,23,24,25,26,97,98,99
116,117,118,119,122,123,124,125,128,129,130,131
194,195,196,198,199,200,201,204,205,206,207,210,211,212,213
224,225,226,228,229,230,231,237,238,239,240,246,247,248,249
100,101,102,103,104,105,106,107,108,109,110,111,284,285,286,287,288,289,290,291,292,293,294,295,296,297,298
100,101,102,103,104,105,106,107,108,109,110,111
112,113,114,116,117,118,119,122,123,124,125,128,129,130,131
224,225,226,228,229,230,231,237,238,239,240,246,247,248,249
116,117,118,119,122,123,124,125,128,129,130,131
194,195,196,198,199,200,201,204,205,206,207,210,211,212,213
224,225,226,228,229,230,231,237,238,239,240,246,247,248,249
116,117,118,119,122,123,124,125,128,129,130,131
197,198,199,200,201,202,203,204,205,206,207,208,209,210,211,212,213,214,215,216,217,218,219,220,221,222,223
116,117,118,119,122,123,124,125,128,129,130,131
198,199,200,201,204,205,206,207,210,211,212,213
198,199,200,201,202,204,205,206,207,208,210,211,212,213,214,392,393,394,398,399,400,401,402,403,404,405,406
82,83,84,100,101,102,103,104,105,106,107,108,109,110,111
194,195,196,198,199,200,201,204,205,206,207,210,211,212,213
112,113,114,116,117,118,119,122,123,124,125,128,129,130,131
116,117,118,119,122,123,124,125,128,129,130,131
224,225,226,228,229,230,231,237,238,239,240,246,247,248,249
67,68,69,70
224,225,226,228,229,230,231,237,238,239,240,246,247,248,249
67,68,69,70
67,68,69,70
67,68,69,70
224,225,226,228,229,230,231,237,238,239,240,246,247,248,249
67,68,69,70
67,68,69,70
67,68,69,70
67,68,69,70
67,68,69,70
28,29,30,32,33,34,35,41,42,43,44,50,51,52,53
67,68,69,70
67,68,69,70
67,68,69,70
67,68,69,70
67,68,69,70
100,101,102,103,104,105,106,107,108,109,110,111
67,68,69,70
67,68,69,70
67,68,69,70,72,73,74,89,90,91,92,193
67,68,69,70
67,68,69,70
100,101,102,103,104,105,106,107,108,109,110,111
100,101,102,103,104,105,106,107,108,109,110,111
100,101,102,103,104,105,106,107,108,109,110,111,285,287,289,344,345,346,347,348,349,350,351,352,353,354,355
67,68,69,70,72,73,74,89,90,91,92,193
67,68,69,70,72,73,74,82,83,84,89,90,91,92,193
67,68,69,70
100,101,102,103,104,105,106,107,108,109,110,111
67,68,69,70
67,68,69,70
67,68,69,70
67,68,69,70
224,225,226,228,229,230,231,232,233,234,235,237,238,239,240,241,242,243,244,246,247,248,249,250,251,252,253,428,429,430,431,432,433,434,435,436,437,438,439
82,83,84,100,101,102,103,104,105,106,107,108,109,110,111
100,101,102,103,104,105,106,107,108,109,110,111,284,285,286,287,288,289,290,291,292,293,294,295,296,297,298
67,68,69,70,82,83,84
100,101,102,103,104,105,106,107,108,109,110,111
82,83,84,100,101,102,103,104,105,106,107,108,109,110,111
194,195,196,198,199,200,201,204,205,206,207,210,211,212,213
0
5,6,7,8,14,15,16,17,23,24,25,26,224,225,226,228,229,230,231,237,238,239,240,246,247,248,249
1,2,3,4,5,6,7,8,9,10,11,12,13,14,15,16,17,18,19,20,21,22,23,24,25,26,27,224,225,226,227,228,229,230,231,232,233,234,235,236,237,238,239,240,241,242,243,244,245,246,247,248,249,250,251,252,253,254,255,256,257,258,259,260,261,262
100,101,102,103,104,105,106,107,108,109,110,111,224,225,226,228,229,230,231,237,238,239,240,246,247,248,249
100,101,102,103,104,105,106,107,108,109,110,111
28,29,30,32,33,34,35,41,42,43,44,50,51,52,53
100,101,102,103,104,105,106,107,108,109,110,111
224,225,226,228,229,230,231,237,238,239,240,246,247,248,249
67,68,69,70
198,199,200,201,202,204,205,206,207,208,210,211,212,213,214,476,477,478,479,480,481,482,483,484,485,486,487
67,68,69,70,72,73,74,78,79,80,81,193
67,68,69,70
67,68,69,70
100,101,102,103,104,105,106,107,108,109,110,111
0
67,68,69,70
67,68,69,70
67,68,69,70
28,29,30,32,33,34,35,41,42,43,44,50,51,52,53
28,29,30,32,33,34,35,41,42,43,44,50,51,52,53
82,83,84,100,101,102,103,104,105,106,107,108,109,110,111,284,285,286,287,288,289,290,291,292,293,294,295,296,297,298
194,195,196,198,199,200,201,204,205,206,207,210,211,212,213
198,199,200,201,204,205,206,207,210,211,212,213
194,195,196,198,199,200,201,204,205,206,207,210,211,212,213
82,83,84,100,101,102,103,104,105,106,107,108,109,110,111
82,83,84,100,101,102,103,104,105,106,107,108,109,110,111
116,117,118,119,122,123,124,125,128,129,130,131
194,195,196,198,199,200,201,204,205,206,207,210,211,212,213
5,6,7,8,14,15,16,17,23,24,25,26,97,98,99
82,83,84,100,101,102,103,104,105,106,107,108,109,110,111
112,113,114,116,117,118,119,122,123,124,125,128,129,130,131
112,113,114,116,117,118,119,122,123,124,125,128,129,130,131
82,83,84,100,101,102,103,104,105,106,107,108,109,110,111
198,199,200,201,204,205,206,207,210,211,212,213
194,195,196,198,199,200,201,204,205,206,207,210,211,212,213
198,199,200,201,204,205,206,207,210,211,212,213
194,195,196,198,199,200,201,204,205,206,207,210,211,212,213
82,83,84,100,101,102,103,104,105,106,107,108,109,110,111
100,101,102,103,104,105,106,107,108,109,110,111
82,83,84,100,101,102,103,104,105,106,107,108,109,110,111
194,195,196,198,199,200,201,204,205,206,207,210,211,212,213
194,195,196,198,199,200,201,204,205,206,207,210,211,212,213
112,113,114,116,117,118,119,122,123,124,125,128,129,130,131
112,113,114,116,117,118,119,122,123,124,125,128,129,130,131
82,83,84,100,101,102,103,104,105,106,107,108,109,110,111
112,113,114,116,117,118,119,122,123,124,125,128,129,130,131
82,83,84,100,101,102,103,104,105,106,107,108,109,110,111
194,195,196,198,199,200,201,204,205,206,207,210,211,212,213
82,83,84,100,101,102,103,104,105,106,107,108,109,110,111
82,83,84,100,101,102,103,104,105,106,107,108,109,110,111
82,83,84,100,101,102,103,104,105,106,107,108,109,110,111
67,68,69,70,82,83,84
67,68,69,70,82,83,84
116,117,118,119,122,123,124,125,128,129,130,131
112,113,114,116,117,118,119,122,123,124,125,128,129,130,131
100,101,102,103,104,105,106,107,108,109,110,111
67,68,69,70,82,83,84
67,68,69,70,71,72,73,74,75,76,77,82,83,84,193
71,75,76,77
67,68,69,70
112,113,114,116,117,118,119,122,123,124,125,128,129,130,131
100,101,102,103,104,105,106,107,108,109,110,111,284,285,286,287,288,289,290,291,292,293,294,295,296,297,298
100,101,102,103,104,105,106,107,108,109,110,111
100,101,102,103,104,105,106,107,108,109,110,111,284,285,286,287,288,289,290,291,292,293,294,295,296,297,298
100,101,102,103,104,105,106,107,108,109,110,111,284,285,286,287,288,289,290,291,292,293,294,295,296,297,298
100,101,102,103,104,105,106,107,108,109,110,111,284,285,286,287,288,289,290,291,292,293,294,295,296,297,298
100,101,102,103,104,105,106,107,108,109,110,111,284,285,286,287,288,289,290,291,292,293,294,295,296,297,298
82,83,84,100,101,102,103,104,105,106,107,108,109,110,111
100,101,102,103,104,105,106,107,108,109,110,111
67,68,69,70,82,83,84
67,68,69,70,72,73,74,89,90,91,92,193
67,68,69,70,72,73,74,93,94,95,96,193
67,68,69,70,72,73,74,89,90,91,92,193
100,101,102,103,104,105,106,107,108,109,110,111
142,143,144,146,147,148,149,155,156,157,158,164,165,166,167
198,199,200,201,204,205,206,207,210,211,212,213
82,83,84,100,101,102,103,104,105,106,107,108,109,110,111
82,83,84,100,101,102,103,104,105,106,107,108,109,110,111
198,199,200,201,202,204,205,206,207,208,210,211,212,213,214,392,393,394,398,399,400,401,402,403,404,405,406
194,195,196,198,199,200,201,202,204,205,206,207,208,210,211,212,213,214,392,393,394,398,399,400,401,402,403,404,405,406
194,195,196,198,199,200,201,202,204,205,206,207,208,210,211,212,213,214,392,393,394,398,399,400,401,402,403,404,405,406
82,83,84,100,101,102,103,104,105,106,107,108,109,110,111
198,199,200,201,204,205,206,207,210,211,212,213
198,199,200,201,202,204,205,206,207,208,210,211,212,213,214,476,477,478,479,480,481,482,483,484,485,486,487
198,199,200,201,204,205,206,207,210,211,212,213
82,83,84,100,101,102,103,104,105,106,107,108,109,110,111
82,83,84,100,101,102,103,104,105,106,107,108,109,110,111
82,83,84,100,101,102,103,104,105,106,107,108,109,110,111
67,68,69,70,82,83,84
67,68,69,70
67,68,69,70
100,101,102,103,104,105,106,107,108,109,110,111
100,101,102,103,104,105,106,107,108,109,110,111
100,101,102,103,104,105,106,107,108,109,110,111
100,101,102,103,104,105,106,107,108,109,110,111
67,68,69,70,72,73,74,89,90,91,92,193
100,101,102,103,104,105,106,107,108,109,110,111
100,101,102,103,104,105,106,107,108,109,110,111
100,101,102,103,104,105,106,107,108,109,110,111
100,101,102,103,104,105,106,107,108,109,110,111,284,285,286,287,288,289,290,291,292,293,294,295,296,297,298
100,101,102,103,104,105,106,107,108,109,110,111,284,285,286,287,288,289,290,291,292,293,294,295,296,297,298
100,101,102,103,104,105,106,107,108,109,110,111
5,6,7,8,14,15,16,17,23,24,25,26,97,98,99
5,6,7,8,9,14,15,16,17,18,23,24,25,26,27,181,182,183,184,185,186,187,188,189,190,191,192
5,6,7,8,9,14,15,16,17,18,23,24,25,26,27,181,182,183,184,185,186,187,188,189,190,191,192
5,6,7,8,14,15,16,17,23,24,25,26
67,68,69,70,82,83,84
1,2,3,4,5,6,7,8,9,10,11,12,13,14,15,16,17,18,19,20,21,22,23,24,25,26,27
116,117,118,119,122,123,124,125,128,129,130,131
116,117,118,119,122,123,124,125,128,129,130,131
198,199,200,201,204,205,206,207,210,211,212,213
82,83,84,100,101,102,103,104,105,106,107,108,109,110,111
67,68,69,70,82,83,84
0
112,113,114,116,117,118,119,120,122,123,124,125,126,128,129,130,131,132,488,489,490,491,492,493,494,495,496,497,498,499
82,83,84,100,101,102,103,104,105,106,107,108,109,110,111,284,285,286,287,288,289,290,291,292,293,294,295,296,297,298
82,83,84,100,101,102,103,104,105,106,107,108,109,110,111,284,285,286,287,288,289,290,291,292,293,294,295,296,297,298
67,68,69,70,71,72,73,74,75,76,77,82,83,84,193
100,101,102,103,104,105,106,107,108,109,110,111,285,287,289,332,333,334,335,336,337,338,339,340,341,342,343
198,199,200,201,202,204,205,206,207,208,210,211,212,213,214,392,393,394,398,399,400,401,402,403,404,405,406
116,117,118,119,122,123,124,125,128,129,130,131
100,101,102,103,104,105,106,107,108,109,110,111,285,287,289,332,333,334,335,336,337,338,339,340,341,342,343
82,83,84,100,101,102,103,104,105,106,107,108,109,110,111
5,6,7,8,9,14,15,16,17,18,23,24,25,26,27,97,98,99,181,182,183,184,185,186,187,188,189,190,191,192
67,68,69,70,72,73,74,89,90,91,92,193
1,2,3,4,5,6,7,8,9,10,11,12,13,14,15,16,17,18,19,20,21,22,23,24,25,26,27,97,98,99
5,6,7,8,9,14,15,16,17,18,23,24,25,26,27,97,98,99,181,182,183,184,185,186,187,188,189,190,191,192
116,117,118,119,120,122,123,124,125,126,128,129,130,131,132,560,561,562,563,564,565,566,567,568,569,570,571
67,68,69,70,71,72,73,74,75,76,77,193
82,83,84,100,101,102,103,104,105,106,107,108,109,110,111,285,287,289,332,333,334,335,336,337,338,339,340,341,342,343
82,83,84,100,101,102,103,104,105,106,107,108,109,110,111,285,287,289,332,333,334,335,336,337,338,339,340,341,342,343
5,6,7,8,9,14,15,16,17,18,23,24,25,26,27,97,98,99,512,513,514,515,516,517,518,519,520,521,522,523
5,6,7,8,9,14,15,16,17,18,23,24,25,26,27,97,98,99,512,513,514,515,516,517,518,519,520,521,522,523
100,101,102,103,104,105,106,107,108,109,110,111
116,117,118,119,120,122,123,124,125,126,128,129,130,131,132,560,561,562,563,564,565,566,567,568,569,570,571
198,199,200,201,202,204,205,206,207,208,210,211,212,213,214,392,393,394,398,399,400,401,402,403,404,405,406
67,68,69,70,71,72,73,74,75,76,77,193
116,117,118,119,120,122,123,124,125,126,128,129,130,131,132,356,357,358,359,360,361,362,363,364,365,366,367,368,369,370,371,372,373,374,375,376
100,101,102,103,104,105,106,107,108,109,110,111
100,101,102,103,104,105,106,107,108,109,110,111,285,287,289,332,333,334,335,336,337,338,339,340,341,342,343
100,101,102,103,104,105,106,107,108,109,110,111,285,287,289,332,333,334,335,336,337,338,339,340,341,342,343
112,113,114,116,117,118,119,120,122,123,124,125,126,128,129,130,131,132,488,489,490,491,492,493,494,495,496,497,498,499
116,117,118,119,120,122,123,124,125,126,128,129,130,131,132,488,489,490,491,492,493,494,495,496,497,498,499
67,68,69,70,71,72,73,74,75,76,77,193
112,113,114,116,117,118,119,120,122,123,124,125,126,128,129,130,131,132,488,489,490,491,492,493,494,495,496,497,498,499
82,83,84,100,101,102,103,104,105,106,107,108,109,110,111
112,113,114,116,117,118,119,120,122,123,124,125,126,128,129,130,131,132,560,561,562,563,564,565,566,567,568,569,570,571
112,113,114,116,117,118,119,120,122,123,124,125,126,128,129,130,131,132,560,561,562,563,564,565,566,567,568,569,570,571
112,113,114,116,117,118,119,120,122,123,124,125,126,128,129,130,131,132,488,489,490,491,492,493,494,495,496,497,498,499
82,83,84,100,101,102,103,104,105,106,107,108,109,110,111
100,101,102,103,104,105,106,107,108,109,110,111
100,101,102,103,104,105,106,107,108,109,110,111
100,101,102,103,104,105,106,107,108,109,110,111
112,113,114,116,117,118,119,120,122,123,124,125,126,128,129,130,131,132,488,489,490,491,492,493,494,495,496,497,498,499
112,113,114,116,117,118,119,120,122,123,124,125,126,128,129,130,131,132,488,489,490,491,492,493,494,495,496,497,498,499
112,113,114,116,117,118,119,120,122,123,124,125,126,128,129,130,131,132,488,489,490,491,492,493,494,495,496,497,498,499
112,113,114,116,117,118,119,120,122,123,124,125,126,128,129,130,131,132,488,489,490,491,492,493,494,495,496,497,498,499
116,117,118,119,120,122,123,124,125,126,128,129,130,131,132,488,489,490,491,492,493,494,495,496,497,498,499
116,117,118,119,120,122,123,124,125,126,128,129,130,131,132,488,489,490,491,492,493,494,495,496,497,498,499
5,6,7,8,9,14,15,16,17,18,23,24,25,26,27,512,513,514,515,516,517,518,519,520,521,522,523
100,101,102,103,104,105,106,107,108,109,110,111,284,285,286,287,288,289,290,291,292,293,294,295,296,297,298
100,101,102,103,104,105,106,107,108,109,110,111
100,101,102,103,104,105,106,107,108,109,110,111
67,68,69,70,72,73,74,85,86,87,88,193
67,68,69,70,71,72,73,74,75,76,77,193
100,101,102,103,104,105,106,107,108,109,110,111
112,113,114,116,117,118,119,120,122,123,124,125,126,128,129,130,131,132,488,489,490,491,492,493,494,495,496,497,498,499
5,6,7,8,9,14,15,16,17,18,23,24,25,26,27,181,182,183,184,185,186,187,188,189,190,191,192,224,225,226,228,229,230,231,232,233,234,235,237,238,239,240,241,242,243,244,246,247,248,249,250,251,252,253,524,525,526,527,528,529,530,531,532,533,534,535
112,113,114,116,117,118,119,120,122,123,124,125,126,128,129,130,131,132,560,561,562,563,564,565,566,567,568,569,570,571
112,113,114,116,117,118,119,120,122,123,124,125,126,128,129,130,131,132,560,561,562,563,564,565,566,567,568,569,570,571
112,113,114,116,117,118,119,120,122,123,124,125,126,128,129,130,131,132,560,561,562,563,564,565,566,567,568,569,570,571
112,113,114,116,117,118,119,120,122,123,124,125,126,128,129,130,131,132,560,561,562,563,564,565,566,567,568,569,570,571
112,113,114,116,117,118,119,120,122,123,124,125,126,128,129,130,131,132,560,561,562,563,564,565,566,567,568,569,570,571
112,113,114,116,117,118,119,120,122,123,124,125,126,128,129,130,131,132,560,561,562,563,564,565,566,567,568,569,570,571
112,113,114,116,117,118,119,120,122,123,124,125,126,128,129,130,131,132,560,561,562,563,564,565,566,567,568,569,570,571
112,113,114,116,117,118,119,120,122,123,124,125,126,128,129,130,131,132,560,561,562,563,564,565,566,567,568,569,570,571
82,83,84,100,101,102,103,104,105,106,107,108,109,110,111
82,83,84,100,101,102,103,104,105,106,107,108,109,110,111,284,285,286,287,288,289,290,291,292,293,294,295,296,297,298
67,68,69,70,72,73,74,78,79,80,81,82,83,84,193
82,83,84,100,101,102,103,104,105,106,107,108,109,110,111
67,68,69,70,72,73,74,82,83,84,93,94,95,96,193
82,83,84,100,101,102,103,104,105,106,107,108,109,110,111,285,287,289,572,573,574,575,576,577,578,579,580,581,582,583,584,585,586,587,588,589,590,591,592
112,113,114,116,117,118,119,120,122,123,124,125,126,128,129,130,131,132,488,489,490,491,492,493,494,495,496,497,498,499
224,225,226,228,229,230,231,232,233,234,235,237,238,239,240,241,242,243,244,246,247,248,249,250,251,252,253,524,525,526,527,528,529,530,531,532,533,534,535
82,83,84,100,101,102,103,104,105,106,107,108,109,110,111
224,225,226,228,229,230,231,232,233,234,235,237,238,239,240,241,242,243,244,246,247,248,249,250,251,252,253,524,525,526,527,528,529,530,531,532,533,534,535
100,101,102,103,104,105,106,107,108,109,110,111,224,225,226,228,229,230,231,237,238,239,240,246,247,248,249
224,225,226,228,229,230,231,232,233,234,235,237,238,239,240,241,242,243,244,246,247,248,249,250,251,252,253,524,525,526,527,528,529,530,531,532,533,534,535
224,225,226,228,229,230,231,232,233,234,235,237,238,239,240,241,242,243,244,246,247,248,249,250,251,252,253,524,525,526,527,528,529,530,531,532,533,534,535
224,225,226,228,229,230,231,232,233,234,235,237,238,239,240,241,242,243,244,246,247,248,249,250,251,252,253,524,525,526,527,528,529,530,531,532,533,534,535
116,117,118,119,120,122,123,124,125,126,128,129,130,131,132,560,561,562,563,564,565,566,567,568,569,570,571
116,117,118,119,120,122,123,124,125,126,128,129,130,131,132,560,561,562,563,564,565,566,567,568,569,570,571
82,83,84,100,101,102,103,104,105,106,107,108,109,110,111,284,285,286,287,288,289,290,291,292,293,294,295,296,297,298
5,6,7,8,9,14,15,16,17,18,23,24,25,26,27,97,98,99,181,182,183,184,185,186,187,188,189,190,191,192
82,83,84,100,101,102,103,104,105,106,107,108,109,110,111
82,83,84,100,101,102,103,104,105,106,107,108,109,110,111
82,83,84,100,101,102,103,104,105,106,107,108,109,110,111
82,83,84,100,101,102,103,104,105,106,107,108,109,110,111
0
82,83,84,100,101,102,103,104,105,106,107,108,109,110,111,284,285,286,287,288,289,290,291,292,293,294,295,296,297,298
82,83,84,100,101,102,103,104,105,106,107,108,109,110,111,284,285,286,287,288,289,290,291,292,293,294,295,296,297,298
116,117,118,119,120,122,123,124,125,126,128,129,130,131,132,488,489,490,491,492,493,494,495,496,497,498,499
116,117,118,119,120,122,123,124,125,126,128,129,130,131,132,488,489,490,491,492,493,494,495,496,497,498,499
116,117,118,119,120,122,123,124,125,126,128,129,130,131,132,488,489,490,491,492,493,494,495,496,497,498,499
100,101,102,103,104,105,106,107,108,109,110,111,285,287,289,464,465,466,467,468,469,470,471,472,473,474,475
100,101,102,103,104,105,106,107,108,109,110,111,285,287,289,464,465,466,467,468,469,470,471,472,473,474,475
100,101,102,103,104,105,106,107,108,109,110,111,285,287,289,464,465,466,467,468,469,470,471,472,473,474,475
100,101,102,103,104,105,106,107,108,109,110,111
100,101,102,103,104,105,106,107,108,109,110,111,224,225,226,228,229,230,231,237,238,239,240,246,247,248,249
5,6,7,8,9,14,15,16,17,18,23,24,25,26,27,377,378,379,380,381,382,383,384,385,386,387,388,389,390,391,441,442,443,444,446,447,448,449,451,452,453,454,500,501,502,503,504,505,506,507,508,509,510,511,512,513,514,515,516,517,518,519,520,521,522,523
100,101,102,103,104,105,106,107,108,109,110,111
100,101,102,103,104,105,106,107,108,109,110,111,285,287,289,572,573,574,575,576,577,578,579,580,581,582,583,584,585,586,587,588,589,590,591,592
28,29,30,32,33,34,35,39,41,42,43,44,48,50,51,52,53,57,145,146,147,148,149,150,151,152,153,154,155,156,157,158,159,160,161,162,163,164,165,166,167,168,169,170,171,172,173,174,175,176,177,178,179,180,593,594,595,596,597,598,599,600,601,602,603,604
28,29,30,32,33,34,35,39,41,42,43,44,48,50,51,52,53,57,145,146,147,148,149,150,151,152,153,154,155,156,157,158,159,160,161,162,163,164,165,166,167,168,169,170,171,172,173,174,175,176,177,178,179,180,593,594,595,596,597,598,599,600,601,602,603,604
67,68,69,70,72,73,74,89,90,91,92,193
116,117,118,119,120,122,123,124,125,126,128,129,130,131,132,224,225,226,228,229,230,231,232,233,234,235,237,238,239,240,241,242,243,244,246,247,248,249,250,251,252,253,356,357,358,359,360,361,362,363,364,365,366,367,368,369,370,371,372,373,374,375,376,395,396,397,407,408,409,410,411,412,413,414,415
115,116,117,118,119,120,121,122,123,124,125,126,127,128,129,130,131,132,133,134,135,136,137,138,139,140,141
100,101,102,103,104,105,106,107,108,109,110,111,284,285,286,287,288,289,290,291,292,293,294,295,296,297,298
100,101,102,103,104,105,106,107,108,109,110,111,284,285,286,287,288,289,290,291,292,293,294,295,296,297,298
67,68,69,70,71,72,73,74,75,76,77,82,83,84,193
82,83,84,100,101,102,103,104,105,106,107,108,109,110,111,284,285,286,287,288,289,290,291,292,293,294,295,296,297,298
100,101,102,103,104,105,106,107,108,109,110,111,284,285,286,287,288,289,290,291,292,293,294,295,296,297,298
82,83,84,100,101,102,103,104,105,106,107,108,109,110,111
100,101,102,103,104,105,106,107,108,109,110,111,284,285,286,287,288,289,290,291,292,293,294,295,296,297,298
100,101,102,103,104,105,106,107,108,109,110,111,284,285,286,287,288,289,290,291,292,293,294,295,296,297,298
82,83,84,100,101,102,103,104,105,106,107,108,109,110,111,284,285,286,287,288,289,290,291,292,293,294,295,296,297,298
82,83,84,100,101,102,103,104,105,106,107,108,109,110,111,285,287,289,572,573,574,575,576,577,578,579,580,581,582,583,584,585,586,587,588,589,590,591,592
67,68,69,70,72,73,74,82,83,84,85,86,87,88,193
67,68,69,70,72,73,74,82,83,84,89,90,91,92,193
82,83,84,100,101,102,103,104,105,106,107,108,109,110,111,284,285,286,287,288,289,290,291,292,293,294,295,296,297,298
100,101,102,103,104,105,106,107,108,109,110,111,284,285,286,287,288,289,290,291,292,293,294,295,296,297,298
67,68,69,70,72,73,74,93,94,95,96,193
116,117,118,119,120,122,123,124,125,126,128,129,130,131,132,488,489,490,491,492,493,494,495,496,497,498,499
67,68,69,70,72,73,74,89,90,91,92,193
146,147,148,149,153,155,156,157,158,162,164,165,166,167,171,605,606,607,608,609,610,611,612,613,614,615,616
67,68,69,70,72,73,74,78,79,80,81,193
115,116,117,118,119,120,121,122,123,124,125,126,127,128,129,130,131,132,133,134,135,136,137,138,139,140,141
115,116,117,118,119,120,121,122,123,124,125,126,127,128,129,130,131,132,133,134,135,136,137,138,139,140,141
115,116,117,118,119,120,121,122,123,124,125,126,127,128,129,130,131,132,133,134,135,136,137,138,139,140,141
100,101,102,103,104,105,106,107,108,109,110,111,285,287,289,344,345,346,347,348,349,350,351,352,353,354,355
67,68,69,70,72,73,74,85,86,87,88,193
67,68,69,70,72,73,74,78,79,80,81,193
100,101,102,103,104,105,106,107,108,109,110,111,284,285,286,287,288,289,290,291,292,293,294,295,296,297,298
100,101,102,103,104,105,106,107,108,109,110,111
146,147,148,149,153,155,156,157,158,162,164,165,166,167,171,605,606,607,608,609,610,611,612,613,614,615,616
100,101,102,103,104,105,106,107,108,109,110,111
197,198,199,200,201,202,203,204,205,206,207,208,209,210,211,212,213,214,215,216,217,218,219,220,221,222,223
197,198,199,200,201,202,203,204,205,206,207,208,209,210,211,212,213,214,215,216,217,218,219,220,221,222,223
197,198,199,200,201,202,203,204,205,206,207,208,209,210,211,212,213,214,215,216,217,218,219,220,221,222,223
197,198,199,200,201,202,203,204,205,206,207,208,209,210,211,212,213,214,215,216,217,218,219,220,221,222,223
100,101,102,103,104,105,106,107,108,109,110,111,285,287,289,344,345,346,347,348,349,350,351,352,353,354,355
67,68,69,70,72,73,74,78,79,80,81,193
100,101,102,103,104,105,106,107,108,109,110,111,285,287,289
5,6,7,8,9,14,15,16,17,18,23,24,25,26,27,181,182,183,184,185,186,187,188,189,190,191,192
5,6,7,8,9,14,15,16,17,18,23,24,25,26,27,181,182,183,184,185,186,187,188,189,190,191,192
5,6,7,8,9,14,15,16,17,18,23,24,25,26,27,263,264,265,266,267,268,269,270,271,272,273,274,275,276,277,278,279,280,281,282,283
5,6,7,8,9,14,15,16,17,18,23,24,25,26,27,512,513,514,515,516,517,518,519,520,521,522,523
5,6,7,8,9,14,15,16,17,18,23,24,25,26,27,181,182,183,184,185,186,187,188,189,190,191,192
67,68,69,70,72,73,74,78,79,80,81,193
67,68,69,70,72,73,74,85,86,87,88,193
67,68,69,70
67,68,69,70,72,73,74,85,86,87,88,193
67,68,69,70
67,68,69,70,72,73,74,78,79,80,81,193
5,6,7,8,9,14,15,16,17,18,23,24,25,26,27,181,182,183,184,185,186,187,188,189,190,191,192
146,147,148,149,153,155,156,157,158,162,164,165,166,167,171,605,606,607,608,609,610,611,612,613,614,615,616
115,116,117,118,119,120,121,122,123,124,125,126,127,128,129,130,131,132,133,134,135,136,137,138,139,140,141
67,68,69,70,71,72,73,74,75,76,77,193
67,68,69,70,72,73,74,93,94,95,96,193
67,68,69,70,72,73,74,78,79,80,81,82,83,84
67,68,69,70,82,83,84
67,68,69,70,72,73,74,82,83,84,89,90,91,92
67,68,69,70,72,73,74,78,79,80,81,82,83,84
67,68,69,70,72,73,74,78,79,80,81,82,83,84
5,6,7,8,9,14,15,16,17,18,23,24,25,26,27,263,264,265,266,267,268,269,270,271,272,273,274,275,276,277,278,279,280,281,282,283
67,68,69,70
67,68,69,70
67,68,69,70,72,73,74,89,90,91,92
67,68,69,70,82,83,84
67,68,69,70,82,83,84
67,68,69,70,72,73,74,78,79,80,81,82,83,84
67,68,69,70,72,73,74,78,79,80,81,82,83,84
67,68,69,70,72,73,74,82,83,84,85,86,87,88
82,83,84,100,101,102,103,104,105,106,107,108,109,110,111
28,29,30,32,33,34,35,39,41,42,43,44,48,50,51,52,53,57,593,594,595,596,597,598,599,600,601,602,603,604
67,68,69,70,72,73,74,78,79,80,81,82,83,84
82,83,84,100,101,102,103,104,105,106,107,108,109,110,111
82,83,84,100,101,102,103,104,105,106,107,108,109,110,111,285,287,289,344,345,346,347,348,349,350,351,352,353,354,355
67,68,69,70,72,73,74,82,83,84,89,90,91,92
82,83,84,100,101,102,103,104,105,106,107,108,109,110,111
142,143,144,146,147,148,149,153,155,156,157,158,162,164,165,166,167,171,617,618,619,620,621,622,623,624,625,626,627,628
82,83,84,100,101,102,103,104,105,106,107,108,109,110,111
112,113,114,116,117,118,119,122,123,124,125,128,129,130,131
146,147,148,149,155,156,157,158,164,165,166,167
67,68,69,70,72,73,74,89,90,91,92
67,68,69,70,71,72,73,74,75,76,77,82,83,84
67,68,69,70,72,73,74,82,83,84,93,94,95,96
67,68,69,70,72,73,74,82,83,84,93,94,95,96
67,68,69,70,71,72,73,74,75,76,77,82,83,84
67,68,69,70,72,73,74,82,83,84,89,90,91,92
82,83,84,100,101,102,103,104,105,106,107,108,109,110,111
194,195,196,198,199,200,201,204,205,206,207,210,211,212,213
116,117,118,119,120,122,123,124,125,126,128,129,130,131,132,356,357,358,359,360,361,362,363,364,365,366,367,368,369,370,371,372,373,374,375,376
116,117,118,119,120,122,123,124,125,126,128,129,130,131,132,356,357,358,359,360,361,362,363,364,365,366,367,368,369,370,371,372,373,374,375,376
100,101,102,103,104,105,106,107,108,109,110,111,285,287,289,344,345,346,347,348,349,350,351,352,353,354,355
100,101,102,103,104,105,106,107,108,109,110,111,284,285,286,287,288,289,290,291,292,293,294,295,296,297,298
100,101,102,103,104,105,106,107,108,109,110,111,285,287,289,332,333,334,335,336,337,338,339,340,341,342,343
67,68,69,70,72,73,74,89,90,91,92
67,68,69,70,72,73,74,78,79,80,81
67,68,69,70,72,73,74,85,86,87,88
67,68,69,70,72,73,74,85,86,87,88
67,68,69,70,72,73,74,78,79,80,81
0
67,68,69,70,72,73,74,78,79,80,81,82,83,84
67,68,69,70,82,83,84
67,68,69,70,82,83,84
67,68,69,70
82,83,84,100,101,102,103,104,105,106,107,108,109,110,111
82,83,84,100,101,102,103,104,105,106,107,108,109,110,111
194,195,196,198,199,200,201,204,205,206,207,210,211,212,213
67,68,69,70,82,83,84
194,195,196,198,199,200,201,202,204,205,206,207,208,210,211,212,213,214,392,393,394,398,399,400,401,402,403,404,405,406
194,195,196,198,199,200,201,202,204,205,206,207,208,210,211,212,213,214,392,393,394,398,399,400,401,402,403,404,405,406
67,68,69,70,72,73,74,82,83,84,89,90,91,92
194,195,196,198,199,200,201,204,205,206,207,210,211,212,213
67,68,69,70
67,68,69,70
67,68,69,70
67,68,69,70
67,68,69,70
5,6,7,8,14,15,16,17,23,24,25,26
67,68,69,70
100,101,102,103,104,105,106,107,108,109,110,111
100,101,102,103,104,105,106,107,108,109,110,111
67,68,69,70
146,147,148,149,155,156,157,158,164,165,166,167
146,147,148,149,155,156,157,158,164,165,166,167
67,68,69,70
100,101,102,103,104,105,106,107,108,109,110,111
82,83,84,100,101,102,103,104,105,106,107,108,109,110,111
82,83,84,100,101,102,103,104,105,106,107,108,109,110,111
198,199,200,201,204,205,206,207,210,211,212,213
0
116,117,118,119,122,123,124,125,128,129,130,131
198,199,200,201,204,205,206,207,210,211,212,213
145,146,147,148,149,150,151,152,153,154,155,156,157,158,159,160,161,162,163,164,165,166,167,168,169,170,171,172,173,174,175,176,177,178,179,180
67,68,69,70
100,101,102,103,104,105,106,107,108,109,110,111
67,68,69,70
116,117,118,119,122,123,124,125,128,129,130,131
194,195,196,198,199,200,201,204,205,206,207,210,211,212,213
224,225,226,228,229,230,231,237,238,239,240,246,247,248,249
224,225,226,228,229,230,231,237,238,239,240,246,247,248,249
93,94,95,96
67,68,69,70
67,68,69,70
67,68,69,70
100,101,102,103,104,105,106,107,108,109,110,111
67,68,69,70,82,83,84
100,101,102,103,104,105,106,107,108,109,110,111
67,68,69,70
67,68,69,70
224,225,226,228,229,230,231,237,238,239,240,246,247,248,249
67,68,69,70
100,101,102,103,104,105,106,107,108,109,110,111
67,68,69,70
67,68,69,70
194,195,196,198,199,200,201,204,205,206,207,210,211,212,213
198,199,200,201,204,205,206,207,210,211,212,213
194,195,196,198,199,200,201,204,205,206,207,210,211,212,213
194,195,196,198,199,200,201,204,205,206,207,210,211,212,213
82,83,84,100,101,102,103,104,105,106,107,108,109,110,111
82,83,84,100,101,102,103,104,105,106,107,108,109,110,111
116,117,118,119,122,123,124,125,128,129,130,131
67,68,69,70,71,72,73,74,75,76,77,193
100,101,102,103,104,105,106,107,108,109,110,111
198,199,200,201,204,205,206,207,210,211,212,213
198,199,200,201,204,205,206,207,210,211,212,213
198,199,200,201,204,205,206,207,210,211,212,213
198,199,200,201,204,205,206,207,210,211,212,213
194,195,196,198,199,200,201,204,205,206,207,210,211,212,213
5,6,7,8,14,15,16,17,23,24,25,26
100,101,102,103,104,105,106,107,108,109,110,111,285,287,289,572,573,574,575,576,577,578,579,580,581,582,583,584,585,586,587,588,589,590,591,592
82,83,84,100,101,102,103,104,105,106,107,108,109,110,111,285,287,289,332,333,334,335,336,337,338,339,340,341,342,343
82,83,84,100,101,102,103,104,105,106,107,108,109,110,111,285,287,289,332,333,334,335,336,337,338,339,340,341,342,343
67,68,69,70,72,73,74,82,83,84,93,94,95,96,193
112,113,114,116,117,118,119,120,122,123,124,125,126,128,129,130,131,132,560,561,562,563,564,565,566,567,568,569,570,571
67,68,69,70,72,73,74,89,90,91,92,193
100,101,102,103,104,105,106,107,108,109,110,111,285,287,289,332,333,334,335,336,337,338,339,340,341,342,343
116,117,118,119,120,122,123,124,125,126,128,129,130,131,132,560,561,562,563,564,565,566,567,568,569,570,571
100,101,102,103,104,105,106,107,108,109,110,111
67,68,69,70,72,73,74,89,90,91,92,193
100,101,102,103,104,105,106,107,108,109,110,111
198,199,200,201,202,204,205,206,207,208,210,211,212,213,214,392,393,394,398,399,400,401,402,403,404,405,406
67,68,69,70,72,73,74,89,90,91,92,193
5,6,7,8,9,14,15,16,17,18,23,24,25,26,27,512,513,514,515,516,517,518,519,520,521,522,523
112,113,114,116,117,118,119,120,122,123,124,125,126,128,129,130,131,132,560,561,562,563,564,565,566,567,568,569,570,571
112,113,114,116,117,118,119,120,122,123,124,125,126,128,129,130,131,132,560,561,562,563,564,565,566,567,568,569,570,571
112,113,114,116,117,118,119,120,122,123,124,125,126,128,129,130,131,132,560,561,562,563,564,565,566,567,568,569,570,571
224,225,226,228,229,230,231,232,233,234,235,237,238,239,240,241,242,243,244,246,247,248,249,250,251,252,253,524,525,526,527,528,529,530,531,532,533,534,535
224,225,226,228,229,230,231,232,233,234,235,237,238,239,240,241,242,243,244,246,247,248,249,250,251,252,253,524,525,526,527,528,529,530,531,532,533,534,535
100,101,102,103,104,105,106,107,108,109,110,111,224,225,226,228,229,230,231,237,238,239,240,246,247,248,249
5,6,7,8,9,14,15,16,17,18,23,24,25,26,27,97,98,99,181,182,183,184,185,186,187,188,189,190,191,192
5,6,7,8,9,14,15,16,17,18,23,24,25,26,27,97,98,99,181,182,183,184,185,186,187,188,189,190,191,192
100,101,102,103,104,105,106,107,108,109,110,111,285,287,289,464,465,466,467,468,469,470,471,472,473,474,475
5,6,7,8,9,14,15,16,17,18,23,24,25,26,27,181,182,183,184,185,186,187,188,189,190,191,192
100,101,102,103,104,105,106,107,108,109,110,111,284,285,286,287,288,289,290,291,292,293,294,295,296,297,298
100,101,102,103,104,105,106,107,108,109,110,111
100,101,102,103,104,105,106,107,108,109,110,111,284,285,286,287,288,289,290,291,292,293,294,295,296,297,298
100,101,102,103,104,105,106,107,108,109,110,111
146,147,148,149,153,155,156,157,158,162,164,165,166,167,171,605,606,607,608,609,610,611,612,613,614,615,616
100,101,102,103,104,105,106,107,108,109,110,111
100,101,102,103,104,105,106,107,108,109,110,111
1,2,3,4,5,6,7,8,9,10,11,12,13,14,15,16,17,18,19,20,21,22,23,24,25,26,27
67,68,69,70,72,73,74,85,86,87,88,193
67,68,69,70
67,68,69,70
67,68,69,70,72,73,74,78,79,80,81,82,83,84
67,68,69,70,72,73,74,82,83,84,89,90,91,92
116,117,118,119,120,122,123,124,125,126,128,129,130,131,132,488,489,490,491,492,493,494,495,496,497,498,499
100,101,102,103,104,105,106,107,108,109,110,111,284,285,286,287,288,289,290,291,292,293,294,295,296,297,298
100,101,102,103,104,105,106,107,108,109,110,111
100,101,102,103,104,105,106,107,108,109,110,111
100,101,102,103,104,105,106,107,108,109,110,111
100,101,102,103,104,105,106,107,108,109,110,111,284,285,286,287,288,289,290,291,292,293,294,295,296,297,298
1,2,3,4,5,6,7,8,9,10,11,12,13,14,15,16,17,18,19,20,21,22,23,24,25,26,27,224,225,226,228,229,230,231,232,233,234,235,237,238,239,240,241,242,243,244,246,247,248,249,250,251,252,253,395,396,397,407,408,409,410,411,412,413,414,415
67,68,69,70,82,83,84
112,113,114,116,117,118,119,122,123,124,125,128,129,130,131
67,68,69,70,82,83,84
100,101,102,103,104,105,106,107,108,109,110,111
100,101,102,103,104,105,106,107,108,109,110,111
67,68,69,70
67,68,69,70
67,68,69,70
82,83,84,100,101,102,103,104,105,106,107,108,109,110,111
112,113,114,116,117,118,119,120,122,123,124,125,126,128,129,130,131,132,560,561,562,563,564,565,566,567,568,569,570,571
112,113,114,116,117,118,119,120,122,123,124,125,126,128,129,130,131,132,560,561,562,563,564,565,566,567,568,569,570,571
112,113,114,116,117,118,119,120,122,123,124,125,126,128,129,130,131,132,560,561,562,563,564,565,566,567,568,569,570,571
82,83,84,100,101,102,103,104,105,106,107,108,109,110,111
112,113,114,116,117,118,119,120,122,123,124,125,126,128,129,130,131,132,488,489,490,491,492,493,494,495,496,497,498,499
67,68,69,70,71,72,73,74,75,76,77,193
112,113,114,116,117,118,119,120,122,123,124,125,126,128,129,130,131,132,488,489,490,491,492,493,494,495,496,497,498,499
82,83,84,100,101,102,103,104,105,106,107,108,109,110,111
112,113,114,116,117,118,119,120,122,123,124,125,126,128,129,130,131,132,560,561,562,563,564,565,566,567,568,569,570,571
82,83,84,100,101,102,103,104,105,106,107,108,109,110,111
67,68,69,70,72,73,74,82,83,84,89,90,91,92,193
82,83,84,100,101,102,103,104,105,106,107,108,109,110,111,284,285,286,287,288,289,290,291,292,293,294,295,296,297,298
82,83,84,100,101,102,103,104,105,106,107,108,109,110,111
112,113,114,116,117,118,119,120,122,123,124,125,126,128,129,130,131,132,488,489,490,491,492,493,494,495,496,497,498,499
82,83,84,100,101,102,103,104,105,106,107,108,109,110,111
116,117,118,119,120,122,123,124,125,126,128,129,130,131,132,560,561,562,563,564,565,566,567,568,569,570,571
112,113,114,116,117,118,119,120,122,123,124,125,126,128,129,130,131,132,488,489,490,491,492,493,494,495,496,497,498,499
112,113,114,116,117,118,119,120,122,123,124,125,126,128,129,130,131,132,488,489,490,491,492,493,494,495,496,497,498,499
100,101,102,103,104,105,106,107,108,109,110,111
116,117,118,119,120,122,123,124,125,126,128,129,130,131,132,488,489,490,491,492,493,494,495,496,497,498,499
100,101,102,103,104,105,106,107,108,109,110,111
100,101,102,103,104,105,106,107,108,109,110,111
100,101,102,103,104,105,106,107,108,109,110,111
67,68,69,70
67,68,69,70
100,101,102,103,104,105,106,107,108,109,110,111
100,101,102,103,104,105,106,107,108,109,110,111
100,101,102,103,104,105,106,107,108,109,110,111
100,101,102,103,104,105,106,107,108,109,110,111
100,101,102,103,104,105,106,107,108,109,110,111
67,68,69,70,72,73,74,82,83,84,89,90,91,92,193
82,83,84,100,101,102,103,104,105,106,107,108,109,110,111
112,113,114,116,117,118,119,120,122,123,124,125,126,128,129,130,131,132,560,561,562,563,564,565,566,567,568,569,570,571
67,68,69,70,72,73,74,82,83,84,89,90,91,92,193
112,113,114,116,117,118,119,120,122,123,124,125,126,128,129,130,131,132,560,561,562,563,564,565,566,567,568,569,570,571
100,101,102,103,104,105,106,107,108,109,110,111
100,101,102,103,104,105,106,107,108,109,110,111
67,68,69,70,72,73,74,78,79,80,81,82,83,84
100,101,102,103,104,105,106,107,108,109,110,111
82,83,84,100,101,102,103,104,105,106,107,108,109,110,111
82,83,84,100,101,102,103,104,105,106,107,108,109,110,111
67,68,69,70,72,73,74,82,83,84,93,94,95,96
67,68,69,70,72,73,74,82,83,84,89,90,91,92
67,68,69,70,72,73,74,78,79,80,81,82,83,84
82,83,84,100,101,102,103,104,105,106,107,108,109,110,111
67,68,69,70,72,73,74,89,90,91,92,193
82,83,84,100,101,102,103,104,105,106,107,108,109,110,111
67,68,69,70,72,73,74,82,83,84,89,90,91,92
67,68,69,70,72,73,74,78,79,80,81,82,83,84
82,83,84,100,101,102,103,104,105,106,107,108,109,110,111
67,68,69,70,71,72,73,74,75,76,77
0
0
0
0
0
0
0
0
0
0
0
0
0
0
0
0
0
0
0
0
0
0
0
0
0
0
0
0
0
0
0
0
0
0
0
0
0
0
0
0
0
0
0
0
0
0
0
0
0
0
0
0
0
0
0
0
0
0
